{
    "steps": [
        {
            "step": 0,
            "train_loss": 0.05107193440198898,
            "actions_pred1": [
                [
                    [
                        0.21104711294174194,
                        -0.0462566614151001,
                        0.6714476346969604,
                        0.12233886122703552
                    ],
                    [
                        0.17888545989990234,
                        0.0813324898481369,
                        0.7303672432899475,
                        0.26629501581192017
                    ],
                    [
                        0.25101009011268616,
                        0.06474807858467102,
                        0.807305097579956,
                        0.1276894509792328
                    ],
                    [
                        0.24363377690315247,
                        -0.004046842455863953,
                        0.8491860032081604,
                        0.05295005440711975
                    ],
                    [
                        0.20878127217292786,
                        0.04871375858783722,
                        0.9333405494689941,
                        0.03568962216377258
                    ],
                    [
                        0.06824789941310883,
                        0.040448352694511414,
                        0.7252036929130554,
                        -0.12747950851917267
                    ],
                    [
                        0.1839122772216797,
                        0.0002953857183456421,
                        0.7580826878547668,
                        -0.10149434208869934
                    ],
                    [
                        0.17347973585128784,
                        -0.019777953624725342,
                        0.7259554266929626,
                        -0.041190266609191895
                    ],
                    [
                        0.22726182639598846,
                        0.0023855268955230713,
                        0.6147258877754211,
                        -0.07445424795150757
                    ],
                    [
                        0.14137357473373413,
                        -0.04071471095085144,
                        0.6821063160896301,
                        -0.0531308650970459
                    ],
                    [
                        0.2112896740436554,
                        0.060997188091278076,
                        0.6911719441413879,
                        -0.08450232446193695
                    ],
                    [
                        0.23474115133285522,
                        0.059273697435855865,
                        0.6742547154426575,
                        -0.12322744727134705
                    ],
                    [
                        0.18048346042633057,
                        0.03574049472808838,
                        0.6439943909645081,
                        -0.10873720049858093
                    ],
                    [
                        0.16585955023765564,
                        0.08881740272045135,
                        0.7045207619667053,
                        -0.11124852299690247
                    ],
                    [
                        0.2725997567176819,
                        0.004525318741798401,
                        0.8195582032203674,
                        -0.048127174377441406
                    ],
                    [
                        0.1843198835849762,
                        0.06369011104106903,
                        0.748904287815094,
                        -0.06909281015396118
                    ],
                    [
                        0.08921898901462555,
                        0.126753032207489,
                        0.7747633457183838,
                        -0.09423738718032837
                    ],
                    [
                        0.16646495461463928,
                        0.0838632583618164,
                        0.8666845560073853,
                        -0.04174143075942993
                    ],
                    [
                        0.21654582023620605,
                        0.0896591767668724,
                        0.8444434404373169,
                        -0.0853705108165741
                    ],
                    [
                        0.09740719199180603,
                        0.10451012849807739,
                        0.8319975137710571,
                        -0.19540852308273315
                    ]
                ]
            ],
            "actions_pred": [
                [
                    [
                        0.21104711294174194,
                        0.17888545989990234,
                        0.25101009011268616,
                        0.24363377690315247,
                        0.20878127217292786,
                        0.06824789941310883,
                        0.1839122772216797,
                        0.17347973585128784,
                        0.22726182639598846,
                        0.14137357473373413,
                        0.2112896740436554,
                        0.23474115133285522,
                        0.18048346042633057,
                        0.16585955023765564,
                        0.2725997567176819,
                        0.1843198835849762,
                        0.08921898901462555,
                        0.16646495461463928,
                        0.21654582023620605,
                        0.09740719199180603
                    ],
                    [
                        -0.0462566614151001,
                        0.0813324898481369,
                        0.06474807858467102,
                        -0.004046842455863953,
                        0.04871375858783722,
                        0.040448352694511414,
                        0.0002953857183456421,
                        -0.019777953624725342,
                        0.0023855268955230713,
                        -0.04071471095085144,
                        0.060997188091278076,
                        0.059273697435855865,
                        0.03574049472808838,
                        0.08881740272045135,
                        0.004525318741798401,
                        0.06369011104106903,
                        0.126753032207489,
                        0.0838632583618164,
                        0.0896591767668724,
                        0.10451012849807739
                    ],
                    [
                        0.6714476346969604,
                        0.7303672432899475,
                        0.807305097579956,
                        0.8491860032081604,
                        0.9333405494689941,
                        0.7252036929130554,
                        0.7580826878547668,
                        0.7259554266929626,
                        0.6147258877754211,
                        0.6821063160896301,
                        0.6911719441413879,
                        0.6742547154426575,
                        0.6439943909645081,
                        0.7045207619667053,
                        0.8195582032203674,
                        0.748904287815094,
                        0.7747633457183838,
                        0.8666845560073853,
                        0.8444434404373169,
                        0.8319975137710571
                    ],
                    [
                        0.12233886122703552,
                        0.26629501581192017,
                        0.1276894509792328,
                        0.05295005440711975,
                        0.03568962216377258,
                        -0.12747950851917267,
                        -0.10149434208869934,
                        -0.041190266609191895,
                        -0.07445424795150757,
                        -0.0531308650970459,
                        -0.08450232446193695,
                        -0.12322744727134705,
                        -0.10873720049858093,
                        -0.11124852299690247,
                        -0.048127174377441406,
                        -0.06909281015396118,
                        -0.09423738718032837,
                        -0.04174143075942993,
                        -0.0853705108165741,
                        -0.19540852308273315
                    ]
                ]
            ],
            "states": [
                [
                    [
                        3453480.0,
                        1.1675143468892202e-05,
                        0.00029440681100822985,
                        672821.0625
                    ],
                    [
                        4107976.0,
                        1.1557735888345633e-05,
                        0.00028164629475213587,
                        683579.125
                    ],
                    [
                        4089152.0,
                        1.1433058716647793e-05,
                        0.00027785348356701434,
                        696568.625
                    ],
                    [
                        3556288.0,
                        1.131914814322954e-05,
                        0.00038381022750400007,
                        634586.1875
                    ],
                    [
                        2583232.0,
                        1.1229288247704972e-05,
                        0.0002961547579616308,
                        661987.4375
                    ],
                    [
                        1912808.0,
                        1.1164392162754666e-05,
                        0.00029962105327285826,
                        693806.25
                    ],
                    [
                        2088016.0,
                        1.1107291356893256e-05,
                        0.00029777659801766276,
                        580816.75
                    ],
                    [
                        2896000.0,
                        1.103698832594091e-05,
                        0.0002728095860220492,
                        525629.9375
                    ],
                    [
                        2564408.0,
                        1.0960944564430974e-05,
                        0.0002930021146312356,
                        619511.5625
                    ],
                    [
                        3921184.0,
                        1.087203600036446e-05,
                        0.0005929499748162925,
                        538834.625
                    ],
                    [
                        2794640.0,
                        1.0781384844449349e-05,
                        0.00017766767996363342,
                        677916.4375
                    ],
                    [
                        4726272.0,
                        1.0681769708753563e-05,
                        0.00018339134112466127,
                        599563.375
                    ],
                    [
                        4927544.0,
                        1.0556481356616132e-05,
                        0.00019205290300305933,
                        583179.3125
                    ],
                    [
                        5944040.0,
                        1.0418904821563046e-05,
                        0.0002024973655352369,
                        603427.0
                    ],
                    [
                        5063656.0,
                        1.0283110896125436e-05,
                        0.0002613598189782351,
                        607061.125
                    ],
                    [
                        5221488.0,
                        1.015944144455716e-05,
                        0.00023075626813806593,
                        620602.0625
                    ],
                    [
                        3421624.0,
                        1.0057716281153262e-05,
                        0.00032322804327122867,
                        608652.25
                    ],
                    [
                        3476648.0,
                        9.978034540836234e-06,
                        0.0002578554267529398,
                        617310.8125
                    ],
                    [
                        3407144.0,
                        9.899765245791059e-06,
                        0.00022438736050389707,
                        706043.875
                    ],
                    [
                        3938560.0,
                        9.817606041906402e-06,
                        0.00038321700412780046,
                        631372.625
                    ]
                ]
            ],
            "actions": [
                [
                    [
                        0.5
                    ],
                    [
                        0.5
                    ],
                    [
                        0.5
                    ],
                    [
                        0.5
                    ],
                    [
                        0.5
                    ],
                    [
                        0.5
                    ],
                    [
                        0.5
                    ],
                    [
                        0.5
                    ],
                    [
                        0.5
                    ],
                    [
                        0.5
                    ],
                    [
                        0.5
                    ],
                    [
                        0.5
                    ],
                    [
                        0.5
                    ],
                    [
                        0.5
                    ],
                    [
                        0.5
                    ],
                    [
                        0.5
                    ],
                    [
                        0.5
                    ],
                    [
                        0.5
                    ],
                    [
                        0.5
                    ],
                    [
                        0.5
                    ]
                ]
            ],
            "returns": [
                [
                    [
                        0.41369158029556274
                    ],
                    [
                        0.41279682517051697
                    ],
                    [
                        0.41188669204711914
                    ],
                    [
                        0.41097697615623474
                    ],
                    [
                        0.41007962822914124
                    ],
                    [
                        0.4092106521129608
                    ],
                    [
                        0.4083682894706726
                    ],
                    [
                        0.4075181484222412
                    ],
                    [
                        0.4066390097141266
                    ],
                    [
                        0.4057706594467163
                    ],
                    [
                        0.40486466884613037
                    ],
                    [
                        0.40398868918418884
                    ],
                    [
                        0.40306612849235535
                    ],
                    [
                        0.4021398723125458
                    ],
                    [
                        0.40119698643684387
                    ],
                    [
                        0.4002683162689209
                    ],
                    [
                        0.39933690428733826
                    ],
                    [
                        0.39844298362731934
                    ],
                    [
                        0.3975476622581482
                    ],
                    [
                        0.3966540992259979
                    ]
                ]
            ],
            "timesteps": [
                [
                    180,
                    181,
                    182,
                    183,
                    184,
                    185,
                    186,
                    187,
                    188,
                    189,
                    190,
                    191,
                    192,
                    193,
                    194,
                    195,
                    196,
                    197,
                    198,
                    199
                ]
            ],
            "labels": [
                [
                    1,
                    1,
                    1,
                    1,
                    1,
                    1,
                    1,
                    1,
                    1,
                    1,
                    1,
                    1,
                    1,
                    1,
                    1,
                    1,
                    1,
                    1,
                    1,
                    1
                ]
            ],
            "CPU Usage": 45.7,
            "RAM Usage": 55.2,
            "GPU Usage": 0.0,
            "VRAM Usage": 355.0,
            "Disk Read Speed (MB/s)": 206025.7666015625,
            "Disk Write Speed (MB/s)": 353201.5400390625
        },
        {
            "step": 1,
            "train_loss": 0.029018577188253403,
            "actions_pred1": [
                [
                    [
                        0.1708020269870758,
                        0.006810992956161499,
                        0.8962458372116089,
                        0.16433227062225342
                    ],
                    [
                        0.1176624521613121,
                        -0.006096161901950836,
                        0.8513261675834656,
                        0.14118516445159912
                    ],
                    [
                        0.16580165922641754,
                        -0.00748046487569809,
                        0.7305709719657898,
                        0.10953676700592041
                    ],
                    [
                        0.1614512801170349,
                        -0.14601536095142365,
                        0.6283659934997559,
                        -0.08420521020889282
                    ],
                    [
                        0.3054060637950897,
                        -0.15041431784629822,
                        0.6676421165466309,
                        -0.16173136234283447
                    ],
                    [
                        0.2666507959365845,
                        -0.17724424600601196,
                        0.6101102232933044,
                        -0.0891377329826355
                    ],
                    [
                        0.25124406814575195,
                        0.04037649184465408,
                        0.48504573106765747,
                        0.03088262677192688
                    ],
                    [
                        0.2745351195335388,
                        0.028918728232383728,
                        0.6291515231132507,
                        0.05451762676239014
                    ],
                    [
                        0.3365444242954254,
                        0.06958746910095215,
                        0.632688581943512,
                        -0.04453727602958679
                    ],
                    [
                        0.24544519186019897,
                        0.050355516374111176,
                        0.6497789621353149,
                        -0.12469455599784851
                    ],
                    [
                        0.23427829146385193,
                        0.02873503416776657,
                        0.6982635855674744,
                        -0.09371614456176758
                    ],
                    [
                        0.17517724633216858,
                        0.046145230531692505,
                        0.6445010900497437,
                        -0.1017235517501831
                    ],
                    [
                        0.2592088580131531,
                        0.0002019628882408142,
                        0.8399913907051086,
                        -0.19568520784378052
                    ],
                    [
                        0.24026164412498474,
                        0.031068608164787292,
                        0.8071732521057129,
                        -0.15997201204299927
                    ],
                    [
                        0.19425860047340393,
                        0.051032375544309616,
                        0.706317126750946,
                        -0.15883323550224304
                    ],
                    [
                        0.09838621318340302,
                        0.06560443341732025,
                        0.8076581358909607,
                        -0.23637303709983826
                    ],
                    [
                        -0.011820316314697266,
                        0.0976056456565857,
                        0.8395712375640869,
                        -0.2362598478794098
                    ],
                    [
                        0.1795346736907959,
                        0.14063605666160583,
                        0.7636753916740417,
                        -0.18063119053840637
                    ],
                    [
                        0.10908690094947815,
                        0.0792350247502327,
                        0.7870311141014099,
                        -0.1465439796447754
                    ],
                    [
                        0.07234957814216614,
                        0.05308761075139046,
                        0.8750990033149719,
                        -0.1333349645137787
                    ]
                ]
            ],
            "actions_pred": [
                [
                    [
                        0.1708020269870758,
                        0.1176624521613121,
                        0.16580165922641754,
                        0.1614512801170349,
                        0.3054060637950897,
                        0.2666507959365845,
                        0.25124406814575195,
                        0.2745351195335388,
                        0.3365444242954254,
                        0.24544519186019897,
                        0.23427829146385193,
                        0.17517724633216858,
                        0.2592088580131531,
                        0.24026164412498474,
                        0.19425860047340393,
                        0.09838621318340302,
                        -0.011820316314697266,
                        0.1795346736907959,
                        0.10908690094947815,
                        0.07234957814216614
                    ],
                    [
                        0.006810992956161499,
                        -0.006096161901950836,
                        -0.00748046487569809,
                        -0.14601536095142365,
                        -0.15041431784629822,
                        -0.17724424600601196,
                        0.04037649184465408,
                        0.028918728232383728,
                        0.06958746910095215,
                        0.050355516374111176,
                        0.02873503416776657,
                        0.046145230531692505,
                        0.0002019628882408142,
                        0.031068608164787292,
                        0.051032375544309616,
                        0.06560443341732025,
                        0.0976056456565857,
                        0.14063605666160583,
                        0.0792350247502327,
                        0.05308761075139046
                    ],
                    [
                        0.8962458372116089,
                        0.8513261675834656,
                        0.7305709719657898,
                        0.6283659934997559,
                        0.6676421165466309,
                        0.6101102232933044,
                        0.48504573106765747,
                        0.6291515231132507,
                        0.632688581943512,
                        0.6497789621353149,
                        0.6982635855674744,
                        0.6445010900497437,
                        0.8399913907051086,
                        0.8071732521057129,
                        0.706317126750946,
                        0.8076581358909607,
                        0.8395712375640869,
                        0.7636753916740417,
                        0.7870311141014099,
                        0.8750990033149719
                    ],
                    [
                        0.16433227062225342,
                        0.14118516445159912,
                        0.10953676700592041,
                        -0.08420521020889282,
                        -0.16173136234283447,
                        -0.0891377329826355,
                        0.03088262677192688,
                        0.05451762676239014,
                        -0.04453727602958679,
                        -0.12469455599784851,
                        -0.09371614456176758,
                        -0.1017235517501831,
                        -0.19568520784378052,
                        -0.15997201204299927,
                        -0.15883323550224304,
                        -0.23637303709983826,
                        -0.2362598478794098,
                        -0.18063119053840637,
                        -0.1465439796447754,
                        -0.1333349645137787
                    ]
                ]
            ],
            "states": [
                [
                    [
                        5451720.0,
                        5.395679545472376e-05,
                        0.00037329201586544514,
                        787492.0625
                    ],
                    [
                        5280856.0,
                        5.18798733537551e-05,
                        0.00029995679506100714,
                        814349.6875
                    ],
                    [
                        5398144.0,
                        4.996706411475316e-05,
                        0.0002722619683481753,
                        830635.1875
                    ],
                    [
                        5419864.0,
                        4.8167821660172194e-05,
                        0.0002737951872404665,
                        823458.5625
                    ],
                    [
                        5285200.0,
                        4.651026029023342e-05,
                        0.0002537628752179444,
                        847604.5625
                    ],
                    [
                        5632720.0,
                        4.493406231631525e-05,
                        0.0002845273702405393,
                        778198.5625
                    ],
                    [
                        4926096.0,
                        4.350659582996741e-05,
                        0.00027429292094893754,
                        769937.4375
                    ],
                    [
                        5379320.0,
                        4.219951370032504e-05,
                        0.0002784566895570606,
                        775819.3125
                    ],
                    [
                        5141848.0,
                        4.0942868508864194e-05,
                        0.00027366288122721016,
                        804782.8125
                    ],
                    [
                        5422760.0,
                        3.9754886529408395e-05,
                        0.0002617421268951148,
                        784755.125
                    ],
                    [
                        5163568.0,
                        3.8631129427812994e-05,
                        0.000270931632257998,
                        777998.8125
                    ],
                    [
                        5172256.0,
                        3.7593843444483355e-05,
                        0.00027350522577762604,
                        827638.0
                    ],
                    [
                        5228728.0,
                        3.6604818888008595e-05,
                        0.0002609447401482612,
                        836480.3125
                    ],
                    [
                        5215696.0,
                        3.566250597941689e-05,
                        0.0002695223083719611,
                        842399.5625
                    ],
                    [
                        5496608.0,
                        3.474534969427623e-05,
                        0.00026009109569713473,
                        814649.5
                    ],
                    [
                        5165016.0,
                        3.3877906389534473e-05,
                        0.0002577552804723382,
                        820590.75
                    ],
                    [
                        5712360.0,
                        3.3036900276783854e-05,
                        0.0002756010799203068,
                        835693.0625
                    ],
                    [
                        5086824.0,
                        3.224165993742645e-05,
                        0.0002540297864470631,
                        845564.6875
                    ],
                    [
                        5490816.0,
                        3.14996468659956e-05,
                        0.00027847016463056207,
                        824773.25
                    ],
                    [
                        5183840.0,
                        3.078411828028038e-05,
                        0.0002814441977534443,
                        810358.5625
                    ]
                ]
            ],
            "actions": [
                [
                    [
                        0.75
                    ],
                    [
                        0.75
                    ],
                    [
                        0.75
                    ],
                    [
                        0.75
                    ],
                    [
                        0.75
                    ],
                    [
                        0.75
                    ],
                    [
                        0.75
                    ],
                    [
                        0.75
                    ],
                    [
                        0.75
                    ],
                    [
                        0.75
                    ],
                    [
                        0.75
                    ],
                    [
                        0.75
                    ],
                    [
                        0.75
                    ],
                    [
                        0.75
                    ],
                    [
                        0.75
                    ],
                    [
                        0.75
                    ],
                    [
                        0.75
                    ],
                    [
                        0.75
                    ],
                    [
                        0.75
                    ],
                    [
                        0.75
                    ]
                ]
            ],
            "returns": [
                [
                    [
                        0.36055833101272583
                    ],
                    [
                        0.35962310433387756
                    ],
                    [
                        0.35869070887565613
                    ],
                    [
                        0.3577563464641571
                    ],
                    [
                        0.3568216562271118
                    ],
                    [
                        0.3558892011642456
                    ],
                    [
                        0.35495108366012573
                    ],
                    [
                        0.35402485728263855
                    ],
                    [
                        0.3530908226966858
                    ],
                    [
                        0.352160781621933
                    ],
                    [
                        0.3512260317802429
                    ],
                    [
                        0.35029563307762146
                    ],
                    [
                        0.34936508536338806
                    ],
                    [
                        0.34843355417251587
                    ],
                    [
                        0.3475022614002228
                    ],
                    [
                        0.3465663194656372
                    ],
                    [
                        0.34563589096069336
                    ],
                    [
                        0.3446965217590332
                    ],
                    [
                        0.3437674641609192
                    ],
                    [
                        0.3428316116333008
                    ]
                ]
            ],
            "timesteps": [
                [
                    240,
                    241,
                    242,
                    243,
                    244,
                    245,
                    246,
                    247,
                    248,
                    249,
                    250,
                    251,
                    252,
                    253,
                    254,
                    255,
                    256,
                    257,
                    258,
                    259
                ]
            ],
            "labels": [
                [
                    2,
                    2,
                    2,
                    2,
                    2,
                    2,
                    2,
                    2,
                    2,
                    2,
                    2,
                    2,
                    2,
                    2,
                    2,
                    2,
                    2,
                    2,
                    2,
                    2
                ]
            ],
            "CPU Usage": 46.8,
            "RAM Usage": 55.3,
            "GPU Usage": 0.0,
            "VRAM Usage": 355.0,
            "Disk Read Speed (MB/s)": 206025.7666015625,
            "Disk Write Speed (MB/s)": 353201.6806640625
        },
        {
            "step": 2,
            "train_loss": 0.032336242496967316,
            "actions_pred1": [
                [
                    [
                        0.4337972402572632,
                        0.06423481553792953,
                        0.586820662021637,
                        0.590273380279541
                    ],
                    [
                        0.11225497722625732,
                        0.1746196448802948,
                        0.632030725479126,
                        0.386900931596756
                    ],
                    [
                        0.07839623093605042,
                        0.0443943589925766,
                        0.46509894728660583,
                        0.3460826277732849
                    ],
                    [
                        0.023966535925865173,
                        0.08069739490747452,
                        0.5009545683860779,
                        0.2578195333480835
                    ],
                    [
                        -0.03718751668930054,
                        0.1362074762582779,
                        0.4948621392250061,
                        0.2596525549888611
                    ],
                    [
                        0.13399560749530792,
                        0.09545204788446426,
                        0.46766629815101624,
                        0.11870518326759338
                    ],
                    [
                        0.02120453119277954,
                        -0.06854535639286041,
                        0.6392590403556824,
                        0.061410099267959595
                    ],
                    [
                        0.039610445499420166,
                        0.017249956727027893,
                        0.7013627290725708,
                        0.05399766564369202
                    ],
                    [
                        -0.06325149536132812,
                        0.08223731815814972,
                        0.5889526605606079,
                        0.1959102749824524
                    ],
                    [
                        -0.01109466701745987,
                        0.07689577341079712,
                        0.578448474407196,
                        0.13621464371681213
                    ],
                    [
                        -0.03944675624370575,
                        0.1227295845746994,
                        0.7096065282821655,
                        0.19111406803131104
                    ],
                    [
                        0.11070457100868225,
                        -0.04072418808937073,
                        0.5974065661430359,
                        0.3161471486091614
                    ],
                    [
                        0.017373524606227875,
                        -0.0020039230585098267,
                        0.682721734046936,
                        0.2830507755279541
                    ],
                    [
                        0.022816643118858337,
                        0.10406404733657837,
                        0.6073952913284302,
                        0.17088401317596436
                    ],
                    [
                        0.03188443183898926,
                        0.15978461503982544,
                        0.7513321042060852,
                        0.13429436087608337
                    ],
                    [
                        0.17446599900722504,
                        0.14268837869167328,
                        0.6798954010009766,
                        0.11271417140960693
                    ],
                    [
                        0.1337358057498932,
                        0.1648719310760498,
                        0.770671010017395,
                        0.1994832158088684
                    ],
                    [
                        -0.006791025400161743,
                        0.2349053919315338,
                        0.7718111276626587,
                        0.02134263515472412
                    ],
                    [
                        0.05725577473640442,
                        0.19410507380962372,
                        0.7393972873687744,
                        0.0015096664428710938
                    ],
                    [
                        0.12060827016830444,
                        0.15211591124534607,
                        0.6785092949867249,
                        0.15344363451004028
                    ]
                ]
            ],
            "actions_pred": [
                [
                    [
                        0.4337972402572632,
                        0.11225497722625732,
                        0.07839623093605042,
                        0.023966535925865173,
                        -0.03718751668930054,
