{
    "steps": [
        {
            "step": 0,
            "train_loss": 0.04853666573762894,
            "actions_pred1": [
                [
                    [
                        0.4647446870803833,
                        0.7066544890403748,
                        1.3384320735931396,
                        -1.8218719959259033
                    ],
                    [
                        0.3330633342266083,
                        0.8535864353179932,
                        1.267331600189209,
                        -1.6494064331054688
                    ],
                    [
                        0.2864084839820862,
                        0.7674845457077026,
                        1.3742105960845947,
                        -1.6266157627105713
                    ],
                    [
                        0.44358086585998535,
                        0.7034224271774292,
                        1.2727601528167725,
                        -1.5406548976898193
                    ],
                    [
                        0.36409813165664673,
                        0.7578376531600952,
                        1.2457722425460815,
                        -1.6518456935882568
                    ],
                    [
                        0.5588080286979675,
                        0.7658460140228271,
                        1.1623668670654297,
                        -1.5544283390045166
                    ],
                    [
                        0.6658929586410522,
                        0.7979409098625183,
                        1.2349778413772583,
                        -1.5804206132888794
                    ],
                    [
                        0.6848126649856567,
                        0.7208567261695862,
                        1.2905099391937256,
                        -1.8306190967559814
                    ],
                    [
                        0.6489800214767456,
                        0.8017476797103882,
                        1.444820523262024,
                        -1.9355788230895996
                    ],
                    [
                        0.46421366930007935,
                        0.9190126657485962,
                        1.4871364831924438,
                        -1.8225212097167969
                    ],
                    [
                        0.4156152606010437,
                        0.94197678565979,
                        1.1345751285552979,
                        -1.8582885265350342
                    ],
                    [
                        0.465287983417511,
                        0.8419219255447388,
                        1.1626451015472412,
                        -1.7282589673995972
                    ],
                    [
                        0.5069042444229126,
                        0.9090553522109985,
                        1.2258656024932861,
                        -1.6951496601104736
                    ],
                    [
                        0.4574553072452545,
                        0.9102833271026611,
                        1.0668166875839233,
                        -1.5623319149017334
                    ],
                    [
                        0.4388026297092438,
                        0.8302432298660278,
                        1.1119270324707031,
                        -1.6565558910369873
                    ],
                    [
                        0.431760311126709,
                        1.0077159404754639,
                        1.1153606176376343,
                        -1.953782081604004
                    ],
                    [
                        0.37688449025154114,
                        1.0059547424316406,
                        1.2545408010482788,
                        -1.9813640117645264
                    ],
                    [
                        0.42122918367385864,
                        0.9219728708267212,
                        1.2633512020111084,
                        -1.7915654182434082
                    ],
                    [
                        0.4113670587539673,
                        0.9465818405151367,
                        1.1936694383621216,
                        -1.748641014099121
                    ],
                    [
                        0.6394630670547485,
                        0.8391141891479492,
                        1.0868953466415405,
                        -1.8583753108978271
                    ]
                ]
            ],
            "actions_pred": [
                [
                    [
                        0.4647446870803833,
                        0.3330633342266083,
                        0.2864084839820862,
                        0.44358086585998535,
                        0.36409813165664673,
                        0.5588080286979675,
                        0.6658929586410522,
                        0.6848126649856567,
                        0.6489800214767456,
                        0.46421366930007935,
                        0.4156152606010437,
                        0.465287983417511,
                        0.5069042444229126,
                        0.4574553072452545,
                        0.4388026297092438,
                        0.431760311126709,
                        0.37688449025154114,
                        0.42122918367385864,
                        0.4113670587539673,
                        0.6394630670547485
                    ],
                    [
                        0.7066544890403748,
                        0.8535864353179932,
                        0.7674845457077026,
                        0.7034224271774292,
                        0.7578376531600952,
                        0.7658460140228271,
                        0.7979409098625183,
                        0.7208567261695862,
                        0.8017476797103882,
                        0.9190126657485962,
                        0.94197678565979,
                        0.8419219255447388,
                        0.9090553522109985,
                        0.9102833271026611,
                        0.8302432298660278,
                        1.0077159404754639,
                        1.0059547424316406,
                        0.9219728708267212,
                        0.9465818405151367,
                        0.8391141891479492
                    ],
                    [
                        1.3384320735931396,
                        1.267331600189209,
                        1.3742105960845947,
                        1.2727601528167725,
                        1.2457722425460815,
                        1.1623668670654297,
                        1.2349778413772583,
                        1.2905099391937256,
                        1.444820523262024,
                        1.4871364831924438,
                        1.1345751285552979,
                        1.1626451015472412,
                        1.2258656024932861,
                        1.0668166875839233,
                        1.1119270324707031,
                        1.1153606176376343,
                        1.2545408010482788,
                        1.2633512020111084,
                        1.1936694383621216,
                        1.0868953466415405
                    ],
                    [
                        -1.8218719959259033,
                        -1.6494064331054688,
                        -1.6266157627105713,
                        -1.5406548976898193,
                        -1.6518456935882568,
                        -1.5544283390045166,
                        -1.5804206132888794,
                        -1.8306190967559814,
                        -1.9355788230895996,
                        -1.8225212097167969,
                        -1.8582885265350342,
                        -1.7282589673995972,
                        -1.6951496601104736,
                        -1.5623319149017334,
                        -1.6565558910369873,
                        -1.953782081604004,
                        -1.9813640117645264,
                        -1.7915654182434082,
                        -1.748641014099121,
                        -1.8583753108978271
                    ]
                ]
            ],
            "states": [
                [
                    [
                        492320.0,
                        0.00014767394168302417,
                        0.018082506954669952,
                        363027.84375
                    ],
                    [
                        506800.0,
                        0.00014520809054374695,
                        0.01018515508621931,
                        441748.1875
                    ],
                    [
                        501008.0,
                        0.00014280257164500654,
                        0.009355437941849232,
                        481891.75
                    ],
                    [
                        543000.0,
                        0.00014039389498066157,
                        0.008023547939956188,
                        309271.0625
                    ],
                    [
                        571960.0,
                        0.00013790946104563773,
                        0.007616695482283831,
                        326690.1875
                    ],
                    [
                        626984.0,
                        0.00013533451419789344,
                        0.00705355079844594,
                        304830.28125
                    ],
                    [
                        582096.0,
                        0.00013283209409564734,
                        0.006484133191406727,
                        283344.0
                    ],
                    [
                        638568.0,
                        0.00013039908662904054,
                        0.005326922982931137,
                        341204.21875
                    ],
                    [
                        584992.0,
                        0.00012804687139578164,
                        0.005689277779310942,
                        350770.6875
                    ],
                    [
                        631328.0,
                        0.00012579229951370507,
                        0.0069713592529296875,
                        304207.3125
                    ],
                    [
                        438744.0,
                        0.00012387130118440837,
                        0.005918858107179403,
                        445445.40625
                    ],
                    [
                        682008.0,
                        0.00012192520807730034,
                        0.005743528250604868,
                        443906.625
                    ],
                    [
                        894864.0,
                        0.00011928792810067534,
                        0.007119554560631514,
                        502220.71875
                    ],
                    [
                        799296.0,
                        0.00011657496361294761,
                        0.006755398586392403,
                        559882.4375
                    ],
                    [
                        1003464.0,
                        0.000113823996798601,
                        0.007165591698139906,
                        431313.21875
                    ],
                    [
                        990432.0,
                        0.00011092599743278697,
                        0.006897749379277229,
                        501689.5625
                    ],
                    [
                        1185912.0,
                        0.00010792924149427563,
                        0.00677958969026804,
                        421160.84375
                    ],
                    [
                        1324920.0,
                        0.00010466613457538188,
                        0.006738434080034494,
                        445300.59375
                    ],
                    [
                        1403112.0,
                        0.00010133643809240311,
                        0.008364989422261715,
                        440591.6875
                    ],
                    [
                        1637688.0,
                        9.786803275346756e-05,
                        0.005549952387809753,
                        381840.25
                    ]
                ]
            ],
            "actions": [
                [
                    [
                        0.25
                    ],
                    [
                        0.25
                    ],
                    [
                        0.25
                    ],
                    [
                        0.25
                    ],
                    [
                        0.25
                    ],
                    [
                        0.25
                    ],
                    [
                        0.25
                    ],
                    [
                        0.25
                    ],
                    [
                        0.25
                    ],
                    [
                        0.25
                    ],
                    [
                        0.25
                    ],
                    [
                        0.25
                    ],
                    [
                        0.25
                    ],
                    [
                        0.25
                    ],
                    [
                        0.25
                    ],
                    [
                        0.25
                    ],
                    [
                        0.25
                    ],
                    [
                        0.25
                    ],
                    [
                        0.25
                    ],
                    [
                        0.25
                    ]
                ]
            ],
            "returns": [
                [
                    [
                        0.06894823163747787
                    ],
                    [
                        0.06822619587182999
                    ],
                    [
                        0.06750158965587616
                    ],
                    [
                        0.06677800416946411
                    ],
                    [
                        0.06604728102684021
                    ],
                    [
                        0.06531195342540741
                    ],
                    [
                        0.06456847488880157
                    ],
                    [
                        0.06383159011602402
                    ],
                    [
                        0.06308649480342865
                    ],
                    [
                        0.062349170446395874
                    ],
                    [
                        0.06160508468747139
                    ],
                    [
                        0.060893263667821884
                    ],
                    [
                        0.060142334550619125
                    ],
                    [
                        0.05936732143163681
                    ],
                    [
                        0.05860232189297676
                    ],
                    [
                        0.05781715363264084
                    ],
                    [
                        0.05703314393758774
                    ],
                    [
                        0.05623316764831543
                    ],
                    [
                        0.05542336031794548
                    ],
                    [
                        0.05460847169160843
                    ]
                ]
            ],
            "timesteps": [
                [
                    560,
                    561,
                    562,
                    563,
                    564,
                    565,
                    566,
                    567,
                    568,
                    569,
                    570,
                    571,
                    572,
                    573,
                    574,
                    575,
                    576,
                    577,
                    578,
                    579
                ]
            ],
            "labels": [
                [
                    0,
                    0,
                    0,
                    0,
                    0,
                    0,
                    0,
                    0,
                    0,
                    0,
                    0,
                    0,
                    0,
                    0,
                    0,
                    0,
                    0,
                    0,
                    0,
                    0
                ]
            ],
            "CPU Usage": 46.4,
            "RAM Usage": 55.1,
            "GPU Usage": 0.0,
            "VRAM Usage": 356.0,
            "Disk Read Speed (MB/s)": 206398.6845703125,
            "Disk Write Speed (MB/s)": 388859.0908203125
        },
        {
            "step": 1,
            "train_loss": 0.03771000728011131,
            "actions_pred1": [
                [
                    [
                        0.2615686058998108,
                        0.5962675213813782,
                        1.4226922988891602,
                        -1.4146857261657715
                    ],
                    [
                        0.21634551882743835,
                        0.6071357131004333,
                        1.5199466943740845,
                        -1.4575960636138916
                    ],
                    [
                        0.16450825333595276,
                        0.7458577752113342,
                        1.3980883359909058,
                        -1.5225191116333008
                    ],
                    [
                        -0.018943339586257935,
                        0.8470737338066101,
                        1.5055809020996094,
                        -1.61629319190979
                    ],
                    [
                        0.06953345239162445,
                        0.970801591873169,
                        1.4089996814727783,
                        -1.5180823802947998
                    ],
                    [
                        0.1634189486503601,
                        0.7919902801513672,
                        1.2043856382369995,
                        -1.5427961349487305
                    ],
                    [
                        0.17957112193107605,
                        0.8093122243881226,
                        1.1963578462600708,
                        -1.5661768913269043
                    ],
                    [
                        0.15406684577465057,
                        1.015545129776001,
                        1.297983169555664,
                        -1.5007853507995605
                    ],
                    [
                        0.18659661710262299,
                        0.9321715235710144,
                        1.3747024536132812,
                        -1.5169682502746582
                    ],
                    [
                        0.2282288372516632,
                        0.9123266935348511,
                        1.3290157318115234,
                        -1.6161527633666992
                    ],
                    [
                        0.20209403336048126,
                        0.9299089908599854,
                        1.3112399578094482,
                        -1.5859427452087402
                    ],
                    [
                        0.20196865499019623,
                        0.9887046217918396,
                        1.2823125123977661,
                        -1.6463299989700317
                    ],
                    [
                        0.15210653841495514,
                        1.0537481307983398,
                        1.3818788528442383,
                        -1.7545254230499268
                    ],
                    [
                        0.40921902656555176,
                        1.0877784490585327,
                        1.3867648839950562,
                        -1.7470650672912598
                    ],
                    [
                        0.36632028222084045,
                        1.1291892528533936,
                        1.3518952131271362,
                        -1.6873195171356201
                    ],
                    [
                        0.3260287642478943,
                        1.0185635089874268,
                        1.367234706878662,
                        -1.733992338180542
                    ],
                    [
                        0.2823067009449005,
                        0.8815817832946777,
                        1.4660344123840332,
                        -1.6888887882232666
                    ],
                    [
                        0.3056386113166809,
                        0.8618671298027039,
                        1.377356767654419,
                        -1.6292872428894043
                    ],
                    [
                        0.32514846324920654,
                        0.9604430198669434,
                        1.5339031219482422,
                        -1.7073051929473877
                    ],
                    [
                        0.38425296545028687,
                        0.9271532297134399,
                        1.5962632894515991,
                        -1.6606004238128662
                    ]
                ]
            ],
            "actions_pred": [
                [
                    [
                        0.2615686058998108,
                        0.21634551882743835,
                        0.16450825333595276,
                        -0.018943339586257935,
                        0.06953345239162445,
                        0.1634189486503601,
                        0.17957112193107605,
                        0.15406684577465057,
                        0.18659661710262299,
                        0.2282288372516632,
                        0.20209403336048126,
                        0.20196865499019623,
                        0.15210653841495514,
                        0.40921902656555176,
                        0.36632028222084045,
                        0.3260287642478943,
                        0.2823067009449005,
                        0.3056386113166809,
                        0.32514846324920654,
                        0.38425296545028687
                    ],
                    [
                        0.5962675213813782,
                        0.6071357131004333,
                        0.7458577752113342,
                        0.8470737338066101,
                        0.970801591873169,
                        0.7919902801513672,
                        0.8093122243881226,
                        1.015545129776001,
                        0.9321715235710144,
                        0.9123266935348511,
                        0.9299089908599854,
                        0.9887046217918396,
                        1.0537481307983398,
                        1.0877784490585327,
                        1.1291892528533936,
                        1.0185635089874268,
                        0.8815817832946777,
                        0.8618671298027039,
                        0.9604430198669434,
                        0.9271532297134399
                    ],
                    [
                        1.4226922988891602,
                        1.5199466943740845,
                        1.3980883359909058,
                        1.5055809020996094,
                        1.4089996814727783,
                        1.2043856382369995,
                        1.1963578462600708,
                        1.297983169555664,
                        1.3747024536132812,
                        1.3290157318115234,
                        1.3112399578094482,
                        1.2823125123977661,
                        1.3818788528442383,
                        1.3867648839950562,
                        1.3518952131271362,
                        1.367234706878662,
                        1.4660344123840332,
                        1.377356767654419,
                        1.5339031219482422,
                        1.5962632894515991
                    ],
                    [
                        -1.4146857261657715,
                        -1.4575960636138916,
                        -1.5225191116333008,
                        -1.61629319190979,
                        -1.5180823802947998,
                        -1.5427961349487305,
                        -1.5661768913269043,
                        -1.5007853507995605,
                        -1.5169682502746582,
                        -1.6161527633666992,
                        -1.5859427452087402,
                        -1.6463299989700317,
                        -1.7545254230499268,
                        -1.7470650672912598,
                        -1.6873195171356201,
                        -1.733992338180542,
                        -1.6888887882232666,
                        -1.6292872428894043,
                        -1.7073051929473877,
                        -1.6606004238128662
                    ]
                ]
            ],
            "states": [
                [
                    [
                        5354704.0,
                        8.239823728217743e-06,
                        0.00025337765691801906,
                        501396.375
                    ],
                    [
                        6112008.0,
                        8.186386367015075e-06,
                        0.00023226119810715318,
                        493386.84375
                    ],
                    [
                        437474.0,
                        0.04059061408042908,
                        0.000310274597723037,
                        179519.703125
                    ],
                    [
                        742824.0,
                        0.00568061089143157,
                        0.00025462565827183425,
                        494869.5625
                    ],
                    [
                        1293064.0,
                        0.002463217591866851,
                        0.00027542549651116133,
                        568802.125
                    ],
                    [
                        2754096.0,
                        0.001175331766717136,
                        0.00025879128952510655,
                        506395.59375
                    ],
                    [
                        4959400.0,
                        0.0005831622984260321,
                        0.0002528103068470955,
                        510830.5
                    ],
                    [
                        7180632.0,
                        0.0003223789972253144,
                        0.00020026147831231356,
                        497092.78125
                    ],
                    [
                        10328584.0,
                        0.00019613979384303093,
                        0.00022364039614330977,
                        447740.25
                    ],
                    [
                        9514808.0,
                        0.00013474683510139585,
                        0.0002323320077266544,
                        458092.9375
                    ],
                    [
                        9614720.0,
                        0.00010378147271694615,
                        0.00023472661268897355,
                        451882.15625
                    ],
                    [
                        11055480.0,
                        8.32404475659132e-05,
                        0.00024062122975010425,
                        451078.96875
                    ],
                    [
                        10631216.0,
                        6.886368646519259e-05,
                        0.0001874879380920902,
                        454141.4375
                    ],
                    [
                        9736352.0,
                        5.92533870076295e-05,
                        0.00025532711879350245,
                        501440.96875
                    ],
                    [
                        5832544.0,
                        5.351470463210717e-05,
                        0.0002452299522701651,
                        514617.375
                    ],
                    [
                        4878312.0,
                        5.0193953939015046e-05,
                        0.00023082415282260627,
                        598373.25
                    ],
                    [
                        5687744.0,
                        4.730764703708701e-05,
                        0.00026125748991034925,
                        594833.125
                    ],
                    [
                        5154880.0,
                        4.466561586013995e-05,
                        0.00024003862927202135,
                        666985.1875
                    ],
                    [
                        5471992.0,
                        4.2350944568170235e-05,
                        0.00019315553072374314,
                        641558.875
                    ],
                    [
                        7102440.0,
                        3.9908583858050406e-05,
                        0.00022412248654291034,
                        477795.28125
                    ]
                ]
            ],
            "actions": [
                [
                    [
                        0.25
                    ],
                    [
                        0.25
                    ],
                    [
                        0.5
                    ],
                    [
                        0.5
                    ],
                    [
                        0.5
                    ],
                    [
                        0.5
                    ],
                    [
                        0.5
                    ],
                    [
                        0.5
                    ],
                    [
                        0.5
                    ],
                    [
                        0.5
                    ],
                    [
                        0.5
                    ],
                    [
                        0.5
                    ],
                    [
                        0.5
                    ],
                    [
                        0.5
                    ],
                    [
                        0.5
                    ],
                    [
                        0.5
                    ],
                    [
                        0.5
                    ],
                    [
                        0.5
                    ],
                    [
                        0.5
                    ],
                    [
                        0.5
                    ]
                ]
            ],
            "returns": [
                [
                    [
                        0.18974736332893372
                    ],
                    [
                        0.1888137310743332
                    ],
                    [
                        0.1878683865070343
                    ],
                    [
                        0.1871568113565445
                    ],
                    [
                        0.18639831244945526
                    ],
                    [
                        0.18559066951274872
                    ],
                    [
                        0.18471598625183105
                    ],
                    [
                        0.18378916382789612
                    ],
                    [
                        0.18282951414585114
                    ],
                    [
                        0.18183764815330505
                    ],
                    [
                        0.18085305392742157
                    ],
                    [
                        0.17986753582954407
                    ],
                    [
                        0.17886963486671448
                    ],
                    [
                        0.17787520587444305
                    ],
                    [
                        0.176888570189476
                    ],
                    [
                        0.17594735324382782
                    ],
                    [
                        0.17502199113368988
                    ],
                    [
                        0.17408300936222076
                    ],
                    [
                        0.17315275967121124
                    ],
                    [
                        0.1722172051668167
                    ]
                ]
            ],
            "timesteps": [
                [
                    420,
                    421,
                    422,
                    423,
                    424,
                    425,
                    426,
                    427,
                    428,
                    429,
                    430,
                    431,
                    432,
                    433,
                    434,
                    435,
                    436,
                    437,
                    438,
                    439
                ]
            ],
            "labels": [
                [
                    0,
                    0,
                    1,
                    1,
                    1,
                    1,
                    1,
                    1,
                    1,
                    1,
                    1,
                    1,
                    1,
                    1,
                    1,
                    1,
                    1,
                    1,
                    1,
                    1
                ]
            ],
            "CPU Usage": 46.7,
            "RAM Usage": 55.2,
            "GPU Usage": 0.0,
            "VRAM Usage": 356.0,
            "Disk Read Speed (MB/s)": 206398.6845703125,
            "Disk Write Speed (MB/s)": 388859.1376953125
        },
        {
            "step": 2,
            "train_loss": 0.05190194770693779,
            "actions_pred1": [
                [
                    [
                        -0.04375255107879639,
                        0.9848732948303223,
                        1.3480466604232788,
                        -1.4981577396392822
                    ],
                    [
                        0.022396408021450043,
                        0.774152398109436,
                        1.3216402530670166,
                        -1.4253387451171875
                    ],
                    [
                        0.12384936958551407,
                        0.7124297618865967,
                        1.3548896312713623,
                        -1.5556986331939697
                    ],
                    [
                        0.20641657710075378,
                        0.7442331314086914,
                        1.4171903133392334,
                        -1.356598138809204
                    ],
                    [
                        0.3738551437854767,
                        0.7482107877731323,
                        1.483428955078125,
                        -1.435982584953308
                    ],
                    [
                        0.38825106620788574,
                        0.8196840286254883,
                        1.4153072834014893,
                        -1.4331340789794922
                    ],
                    [
                        0.19799698889255524,
                        0.8671586513519287,
                        1.3573212623596191,
                        -1.471782922744751
                    ],
                    [
                        0.2483256459236145,
                        0.784160315990448,
                        1.202447772026062,
                        -1.6423979997634888
                    ],
                    [
                        0.2791244387626648,
                        0.6858265399932861,
                        1.2779868841171265,
                        -1.564422607421875
                    ],
                    [
                        0.4494408369064331,
                        0.9049937725067139,
                        1.3799099922180176,
                        -1.7278469800949097
                    ],
                    [
                        0.660408616065979,
                        1.0282132625579834,
                        1.461312174797058,
                        -1.5903058052062988
                    ],
                    [
                        0.6852944493293762,
                        0.9807653427124023,
                        1.314807653427124,
                        -1.552718162536621
                    ],
                    [
                        0.611151933670044,
                        1.0666567087173462,
                        1.3408886194229126,
                        -1.6017930507659912
                    ],
                    [
                        0.5091740489006042,
                        0.9800902605056763,
                        1.3957949876785278,
                        -1.6015586853027344
                    ],
                    [
                        0.48279476165771484,
                        0.8719921112060547,
                        1.2583386898040771,
                        -1.6576000452041626
                    ],
                    [
                        0.5404397249221802,
                        0.8637460470199585,
                        1.240152359008789,
                        -1.6974931955337524
                    ],
                    [
                        0.4362183213233948,
                        0.9301913976669312,
                        1.3246657848358154,
                        -1.636170744895935
                    ],
                    [
                        0.6325865983963013,
                        0.9248952865600586,
                        1.2161073684692383,
                        -1.5852160453796387
                    ],
                    [
                        0.6338186860084534,
                        0.8273198008537292,
                        1.0192246437072754,
                        -1.435813546180725
                    ],
                    [
                        0.5972145795822144,
                        0.8149321675300598,
                        1.2294669151306152,
                        -1.3865547180175781
                    ]
                ]
            ],
            "actions_pred": [
                [
                    [
                        -0.04375255107879639,
                        0.022396408021450043,
                        0.12384936958551407,
                        0.20641657710075378,
                        0.3738551437854767,
                        0.38825106620788574,
                        0.19799698889255524,
                        0.2483256459236145,
                        0.2791244387626648,
                        0.4494408369064331,
                        0.660408616065979,
