{
    "steps": [
        {
            "step": 0,
            "train_loss": 0.043714042752981186,
            "actions_pred1": [
                [
                    [
                        0.1997767984867096,
                        0.19769872725009918,
                        0.7327589392662048,
                        -0.6202836632728577
                    ],
                    [
                        0.11758983135223389,
                        0.3398049473762512,
                        0.7904148101806641,
                        -0.6987384557723999
                    ],
                    [
                        0.06129305809736252,
                        0.4210539758205414,
                        0.6910180449485779,
                        -0.6845462918281555
                    ],
                    [
                        0.31075364351272583,
                        0.41790056228637695,
                        0.6287968754768372,
                        -0.6474852561950684
                    ],
                    [
                        0.3294501304626465,
                        0.46297508478164673,
                        0.6904982924461365,
                        -0.8303728103637695
                    ],
                    [
                        0.5005389451980591,
                        0.5874328017234802,
                        0.693402886390686,
                        -0.974471390247345
                    ],
                    [
                        0.4986506700515747,
                        0.6739157438278198,
                        0.727597177028656,
                        -0.9475705623626709
                    ],
                    [
                        0.36913737654685974,
                        0.8728819489479065,
                        0.734122633934021,
                        -0.9783425331115723
                    ],
                    [
                        0.33416134119033813,
                        0.7096643447875977,
                        0.7880815267562866,
                        -0.8194324374198914
                    ],
                    [
                        0.2935369610786438,
                        0.8146394491195679,
                        0.6403532028198242,
                        -0.817845344543457
                    ],
                    [
                        0.3159608542919159,
                        0.8386691808700562,
                        0.5779706239700317,
                        -0.9350718259811401
                    ],
                    [
                        0.42336365580558777,
                        0.7207650542259216,
                        0.5834422707557678,
                        -0.9409173130989075
                    ],
                    [
                        0.3646673858165741,
                        0.7237170934677124,
                        0.707269012928009,
                        -0.9515763521194458
                    ],
                    [
                        0.5049576759338379,
                        0.8256769776344299,
                        0.7185399532318115,
                        -0.9176193475723267
                    ],
                    [
                        0.4753595292568207,
                        0.7816178798675537,
                        0.6416693925857544,
                        -0.8627625703811646
                    ],
                    [
                        0.4965943694114685,
                        0.7627646923065186,
                        0.6699896454811096,
                        -0.9090723395347595
                    ],
                    [
                        0.4316333532333374,
                        0.7188845872879028,
                        0.6547011137008667,
                        -0.8849676847457886
                    ],
                    [
                        0.23826521635055542,
                        0.6699146032333374,
                        0.5132057666778564,
                        -0.883144736289978
                    ],
                    [
                        0.3391769528388977,
                        0.6426068544387817,
                        0.5881311893463135,
                        -0.7930169701576233
                    ],
                    [
                        0.3982393145561218,
                        0.8156626224517822,
                        0.6037049293518066,
                        -0.8675211668014526
                    ]
                ]
            ],
            "actions_pred": [
                [
                    [
                        0.1997767984867096,
                        0.11758983135223389,
                        0.06129305809736252,
                        0.31075364351272583,
                        0.3294501304626465,
                        0.5005389451980591,
                        0.4986506700515747,
                        0.36913737654685974,
                        0.33416134119033813,
                        0.2935369610786438,
                        0.3159608542919159,
                        0.42336365580558777,
                        0.3646673858165741,
                        0.5049576759338379,
                        0.4753595292568207,
                        0.4965943694114685,
                        0.4316333532333374,
                        0.23826521635055542,
                        0.3391769528388977,
                        0.3982393145561218
                    ],
                    [
                        0.19769872725009918,
                        0.3398049473762512,
                        0.4210539758205414,
                        0.41790056228637695,
                        0.46297508478164673,
                        0.5874328017234802,
                        0.6739157438278198,
                        0.8728819489479065,
                        0.7096643447875977,
                        0.8146394491195679,
                        0.8386691808700562,
                        0.7207650542259216,
                        0.7237170934677124,
                        0.8256769776344299,
                        0.7816178798675537,
                        0.7627646923065186,
                        0.7188845872879028,
                        0.6699146032333374,
                        0.6426068544387817,
                        0.8156626224517822
                    ],
                    [
                        0.7327589392662048,
                        0.7904148101806641,
                        0.6910180449485779,
                        0.6287968754768372,
                        0.6904982924461365,
                        0.693402886390686,
                        0.727597177028656,
                        0.734122633934021,
                        0.7880815267562866,
                        0.6403532028198242,
                        0.5779706239700317,
                        0.5834422707557678,
                        0.707269012928009,
                        0.7185399532318115,
                        0.6416693925857544,
                        0.6699896454811096,
                        0.6547011137008667,
                        0.5132057666778564,
                        0.5881311893463135,
                        0.6037049293518066
                    ],
                    [
                        -0.6202836632728577,
                        -0.6987384557723999,
                        -0.6845462918281555,
                        -0.6474852561950684,
                        -0.8303728103637695,
                        -0.974471390247345,
                        -0.9475705623626709,
                        -0.9783425331115723,
                        -0.8194324374198914,
                        -0.817845344543457,
                        -0.9350718259811401,
                        -0.9409173130989075,
                        -0.9515763521194458,
                        -0.9176193475723267,
                        -0.8627625703811646,
                        -0.9090723395347595,
                        -0.8849676847457886,
                        -0.883144736289978,
                        -0.7930169701576233,
                        -0.8675211668014526
                    ]
                ]
            ],
            "states": [
                [
                    [
                        9174528.0,
                        1.5287421774701215e-05,
                        0.00015401413838844746,
                        462799.78125
                    ],
                    [
                        9721872.0,
                        1.4988291695772205e-05,
                        0.00014908269804436713,
                        471413.40625
                    ],
                    [
                        8650352.0,
                        1.4708337403135374e-05,
                        0.00013771618250757456,
                        476596.0
                    ],
                    [
                        9385704.0,
                        1.4443650798057206e-05,
                        0.000157010683324188,
                        448618.75
                    ],
                    [
                        9197696.0,
                        1.4180617654346861e-05,
                        0.00013674897491000593,
                        456343.53125
                    ],
                    [
                        9271544.0,
                        1.392852846038295e-05,
                        0.000155533998622559,
                        449987.3125
                    ],
                    [
                        8570712.0,
                        1.3693322216568049e-05,
                        0.00014997956168372184,
                        453578.0625
                    ],
                    [
                        9304848.0,
                        1.346561111859046e-05,
                        0.0001673756050877273,
                        435181.0625
                    ],
                    [
                        8921128.0,
                        1.3241030501376372e-05,
                        0.00015327449364122003,
                        460544.8125
                    ],
                    [
                        8646008.0,
                        1.303156568610575e-05,
                        0.00015547996736131608,
                        463163.09375
                    ],
                    [
                        8767640.0,
                        1.2830393643525895e-05,
                        0.00015675314352847636,
                        458172.0625
                    ],
                    [
                        8076944.0,
                        1.2641571629501414e-05,
                        0.00016837925068102777,
                        477030.90625
                    ],
                    [
                        8123280.0,
                        1.2465176951081958e-05,
                        0.00015461879957001656,
                        493767.40625
                    ],
                    [
                        8650352.0,
                        1.228769360750448e-05,
                        0.00016164440603461117,
                        451473.28125
                    ],
                    [
                        7982824.0,
                        1.211656035593478e-05,
                        0.00016790036170277745,
                        481186.15625
                    ],
                    [
                        7248688.0,
                        1.1963955330429599e-05,
                        0.00016397373110521585,
                        490311.46875
                    ],
                    [
                        7208144.0,
                        1.1822661690530367e-05,
                        0.00017705760546959937,
                        472943.71875
                    ],
                    [
                        7193664.0,
                        1.1685199751809705e-05,
                        0.000179134716745466,
                        469996.125
                    ],
                    [
                        6442152.0,
                        1.1557923244254198e-05,
                        0.00016420705651398748,
                        470480.40625
                    ],
                    [
                        6989496.0,
                        1.1435274245741311e-05,
                        0.00018320638628210872,
                        451753.78125
                    ]
                ]
            ],
            "actions": [
                [
                    [
                        0.25
                    ],
                    [
                        0.25
                    ],
                    [
                        0.25
                    ],
                    [
                        0.25
                    ],
                    [
                        0.25
                    ],
                    [
                        0.25
                    ],
                    [
                        0.25
                    ],
                    [
                        0.25
                    ],
                    [
                        0.25
                    ],
                    [
                        0.25
                    ],
                    [
                        0.25
                    ],
                    [
                        0.25
                    ],
                    [
                        0.25
                    ],
                    [
                        0.25
                    ],
                    [
                        0.25
                    ],
                    [
                        0.25
                    ],
                    [
                        0.25
                    ],
                    [
                        0.25
                    ],
                    [
                        0.25
                    ],
                    [
                        0.25
                    ]
                ]
            ],
            "returns": [
                [
                    [
                        0.2469175159931183
                    ],
                    [
                        0.24593615531921387
                    ],
                    [
                        0.24494965374469757
                    ],
                    [
                        0.2439734935760498
                    ],
                    [
                        0.24299012124538422
                    ],
                    [
                        0.2420085221529007
                    ],
                    [
                        0.24102622270584106
                    ],
                    [
                        0.24005089700222015
                    ],
                    [
                        0.23906828463077545
                    ],
                    [
                        0.2380893975496292
                    ],
                    [
                        0.23711329698562622
                    ],
                    [
                        0.23613594472408295
                    ],
                    [
                        0.23516587913036346
                    ],
                    [
                        0.2341953068971634
                    ],
                    [
                        0.23321916162967682
                    ],
                    [
                        0.2322501242160797
                    ],
                    [
                        0.23128965497016907
                    ],
                    [
                        0.23032966256141663
                    ],
                    [
                        0.2293698638677597
                    ],
                    [
                        0.22841985523700714
                    ]
                ]
            ],
            "timesteps": [
                [
                    360,
                    361,
                    362,
                    363,
                    364,
                    365,
                    366,
                    367,
                    368,
                    369,
                    370,
                    371,
                    372,
                    373,
                    374,
                    375,
                    376,
                    377,
                    378,
                    379
                ]
            ],
            "labels": [
                [
                    0,
                    0,
                    0,
                    0,
                    0,
                    0,
                    0,
                    0,
                    0,
                    0,
                    0,
                    0,
                    0,
                    0,
                    0,
                    0,
                    0,
                    0,
                    0,
                    0
                ]
            ],
            "CPU Usage": 45.7,
            "RAM Usage": 55.2,
            "GPU Usage": 0.0,
            "VRAM Usage": 355.0,
            "Disk Read Speed (MB/s)": 206067.3291015625,
            "Disk Write Speed (MB/s)": 374202.9580078125
        },
        {
            "step": 1,
            "train_loss": 0.03375948593020439,
            "actions_pred1": [
                [
                    [
                        0.4843234717845917,
                        0.34334003925323486,
                        0.4888048768043518,
                        -0.7372021675109863
                    ],
                    [
                        0.37444376945495605,
                        0.569381594657898,
                        0.7078240513801575,
                        -0.628081202507019
                    ],
                    [
                        0.31941157579421997,
                        0.7441046237945557,
                        0.6820865869522095,
                        -0.7354687452316284
                    ],
                    [
                        0.3258337080478668,
                        0.7405277490615845,
                        0.704927921295166,
                        -0.7630665898323059
                    ],
                    [
                        0.3786129355430603,
                        0.7947748303413391,
                        0.7117133140563965,
                        -0.8278688192367554
                    ],
                    [
                        0.44036397337913513,
                        0.7153546810150146,
                        0.6010041236877441,
                        -0.8826503753662109
                    ],
                    [
                        0.49794653058052063,
                        0.8147634863853455,
                        0.688468337059021,
                        -0.9882916808128357
                    ],
                    [
                        0.5061486959457397,
                        0.7738722562789917,
                        0.6318326592445374,
                        -0.9442344307899475
                    ],
                    [
                        0.38302019238471985,
                        0.6903647184371948,
                        0.7015618681907654,
                        -0.9997609257698059
                    ],
                    [
                        0.38696298003196716,
                        0.7613467574119568,
                        0.7406306266784668,
                        -1.0278841257095337
                    ],
                    [
                        0.2750821113586426,
                        0.6265530586242676,
                        0.8320339322090149,
                        -1.1821167469024658
                    ],
                    [
                        0.19666451215744019,
                        0.6457775235176086,
                        0.7249995470046997,
                        -1.271341323852539
                    ],
                    [
                        0.22248926758766174,
                        0.6950231790542603,
                        0.7040724158287048,
                        -1.1897838115692139
                    ],
                    [
                        0.2557768225669861,
                        0.738964319229126,
                        0.7582547664642334,
                        -1.0856796503067017
                    ],
                    [
                        0.1119638979434967,
                        0.510379433631897,
                        0.7508024573326111,
                        -1.283179521560669
                    ],
                    [
                        0.25864893198013306,
                        0.48576390743255615,
                        0.703392744064331,
                        -1.2401411533355713
                    ],
                    [
                        0.24107638001441956,
                        0.5974055528640747,
                        0.7501177191734314,
                        -1.276721715927124
                    ],
                    [
                        0.25092366337776184,
                        0.6902883052825928,
                        0.6416987776756287,
                        -1.115567684173584
                    ],
                    [
                        0.3389780819416046,
                        0.6875815391540527,
                        0.7728322148323059,
                        -1.1725962162017822
                    ],
                    [
                        0.325463205575943,
                        0.7049804925918579,
                        0.7505902647972107,
                        -1.1810630559921265
                    ]
                ]
            ],
            "actions_pred": [
                [
                    [
                        0.4843234717845917,
                        0.37444376945495605,
                        0.31941157579421997,
                        0.3258337080478668,
                        0.3786129355430603,
                        0.44036397337913513,
                        0.49794653058052063,
                        0.5061486959457397,
                        0.38302019238471985,
                        0.38696298003196716,
                        0.2750821113586426,
                        0.19666451215744019,
                        0.22248926758766174,
                        0.2557768225669861,
                        0.1119638979434967,
                        0.25864893198013306,
                        0.24107638001441956,
                        0.25092366337776184,
                        0.3389780819416046,
                        0.325463205575943
                    ],
                    [
                        0.34334003925323486,
                        0.569381594657898,
                        0.7441046237945557,
                        0.7405277490615845,
                        0.7947748303413391,
                        0.7153546810150146,
                        0.8147634863853455,
                        0.7738722562789917,
                        0.6903647184371948,
                        0.7613467574119568,
                        0.6265530586242676,
                        0.6457775235176086,
                        0.6950231790542603,
                        0.738964319229126,
                        0.510379433631897,
                        0.48576390743255615,
                        0.5974055528640747,
                        0.6902883052825928,
                        0.6875815391540527,
                        0.7049804925918579
                    ],
                    [
                        0.4888048768043518,
                        0.7078240513801575,
                        0.6820865869522095,
                        0.704927921295166,
                        0.7117133140563965,
                        0.6010041236877441,
                        0.688468337059021,
                        0.6318326592445374,
                        0.7015618681907654,
                        0.7406306266784668,
                        0.8320339322090149,
                        0.7249995470046997,
                        0.7040724158287048,
                        0.7582547664642334,
                        0.7508024573326111,
                        0.703392744064331,
                        0.7501177191734314,
                        0.6416987776756287,
                        0.7728322148323059,
                        0.7505902647972107
                    ],
                    [
                        -0.7372021675109863,
                        -0.628081202507019,
                        -0.7354687452316284,
                        -0.7630665898323059,
                        -0.8278688192367554,
                        -0.8826503753662109,
                        -0.9882916808128357,
                        -0.9442344307899475,
                        -0.9997609257698059,
                        -1.0278841257095337,
                        -1.1821167469024658,
                        -1.271341323852539,
                        -1.1897838115692139,
                        -1.0856796503067017,
                        -1.283179521560669,
                        -1.2401411533355713,
                        -1.276721715927124,
                        -1.115567684173584,
                        -1.1725962162017822,
                        -1.1810630559921265
                    ]
                ]
            ],
            "states": [
                [
                    [
                        6436360.0,
                        3.756791920750402e-05,
                        0.00023788119142409414,
                        525420.0
                    ],
                    [
                        5822408.0,
                        3.5673747333930805e-05,
                        0.0002484873402863741,
                        540076.8125
                    ],
                    [
                        6120696.0,
                        3.400527930352837e-05,
                        0.00025739934062585235,
                        546681.375
                    ],
                    [
                        6143632.0,
                        3.2446547265863046e-05,
                        0.00019004895875696093,
                        549135.1875
                    ],
                    [
                        6290344.0,
                        3.100591857219115e-05,
                        0.00022606240236200392,
                        515628.96875
                    ],
                    [
                        7225288.0,
                        2.9579521651612595e-05,
                        0.0002532026555854827,
                        501138.75
                    ],
                    [
                        5695216.0,
                        2.8330134227871895e-05,
                        0.0002667571825440973,
                        501280.09375
                    ],
                    [
                        6048296.0,
                        2.72848174063256e-05,
                        0.00026687141507864,
                        520591.84375
                    ],
                    [
                        5956840.0,
                        2.6292696929886006e-05,
                        0.0002529114135541022,
                        510954.5
                    ],
                    [
                        5511320.0,
                        2.5409783120267093e-05,
                        0.0002583715249784291,
                        498321.25
                    ],
                    [
                        7421000.0,
                        2.448467603244353e-05,
                        0.001365873496979475,
                        470548.53125
                    ],
                    [
                        6653560.0,
                        2.3549235265818425e-05,
                        0.0008239395683631301,
                        489404.40625
                    ],
                    [
                        5919424.0,
                        2.2772055672248825e-05,
                        0.0005388445570133626,
                        494672.6875
                    ],
                    [
                        6049744.0,
                        2.2078909751144238e-05,
                        0.0005018769879825413,
                        522203.84375
                    ],
                    [
                        5699328.0,
                        2.1438178009702824e-05,
                        0.0005396626074798405,
                        525676.375
                    ],
                    [
                        5907840.0,
                        2.084095285681542e-05,
                        0.00039070475031621754,
                        484434.71875
                    ],
                    [
                        7654128.0,
                        2.0184714230708778e-05,
                        0.00037147922557778656,
                        485244.75
                    ],
                    [
                        6171376.0,
                        1.9555423932615668e-05,
                        0.00035373689024709165,
                        520211.9375
                    ],
                    [
                        5359048.0,
                        1.9060054910369217e-05,
                        0.0003472233365755528,
                        514446.75
                    ],
                    [
                        5344568.0,
                        1.8622442439664155e-05,
                        0.00021890846255701035,
                        526664.75
                    ]
                ]
            ],
            "actions": [
                [
                    [
                        0.5
                    ],
                    [
                        0.5
                    ],
                    [
                        0.5
                    ],
                    [
                        0.5
                    ],
                    [
                        0.5
                    ],
                    [
                        0.5
                    ],
                    [
                        0.5
                    ],
                    [
                        0.5
                    ],
                    [
                        0.5
                    ],
                    [
                        0.5
                    ],
                    [
                        0.5
                    ],
                    [
                        0.5
                    ],
                    [
                        0.5
                    ],
                    [
                        0.5
                    ],
                    [
                        0.5
                    ],
                    [
                        0.5
                    ],
                    [
                        0.5
                    ],
                    [
                        0.5
                    ],
                    [
                        0.5
                    ],
                    [
                        0.5
                    ]
                ]
            ],
            "returns": [
                [
                    [
                        0.17125853896141052
                    ],
                    [
                        0.17030860483646393
                    ],
                    [
                        0.16936755180358887
                    ],
                    [
                        0.16842207312583923
                    ],
                    [
                        0.16747625172138214
                    ],
                    [
                        0.1665283590555191
                    ],
                    [
                        0.16556815803050995
                    ],
                    [
                        0.16462907195091248
                    ],
                    [
                        0.1636846512556076
                    ],
                    [
                        0.16274157166481018
                    ],
                    [
                        0.1618053913116455
                    ],
                    [
                        0.16084282100200653
                    ],
                    [
                        0.15988995134830475
                    ],
                    [
                        0.1589474231004715
                    ],
                    [
                        0.15800298750400543
                    ],
                    [
                        0.157063826918602
                    ],
                    [
                        0.15612147748470306
                    ],
                    [
                        0.1551561802625656
                    ],
                    [
                        0.15420997142791748
                    ],
                    [
                        0.153276264667511
                    ]
                ]
            ],
            "timesteps": [
                [
                    440,
                    441,
                    442,
                    443,
                    444,
                    445,
                    446,
                    447,
                    448,
                    449,
                    450,
                    451,
                    452,
                    453,
                    454,
                    455,
                    456,
                    457,
                    458,
                    459
                ]
            ],
            "labels": [
                [
                    1,
                    1,
                    1,
                    1,
                    1,
                    1,
                    1,
                    1,
                    1,
                    1,
                    1,
                    1,
                    1,
                    1,
                    1,
                    1,
                    1,
                    1,
                    1,
                    1
                ]
            ],
            "CPU Usage": 46.7,
            "RAM Usage": 55.3,
            "GPU Usage": 0.0,
            "VRAM Usage": 356.0,
            "Disk Read Speed (MB/s)": 206067.3291015625,
            "Disk Write Speed (MB/s)": 374203.0751953125
        },
        {
            "step": 2,
            "train_loss": 0.03003624640405178,
            "actions_pred1": [
                [
                    [
                        0.2668273150920868,
                        0.44561657309532166,
                        0.9527294039726257,
                        -0.5424116849899292
                    ],
                    [
                        0.22812257707118988,
                        0.4313208758831024,
                        0.9144362211227417,
                        -0.5749831199645996
                    ],
                    [
                        0.2936531901359558,
                        0.45704928040504456,
                        0.8018123507499695,
                        -0.6375278234481812
                    ],
                    [
                        0.31780731678009033,
                        0.31772494316101074,
                        0.7001746296882629,
                        -0.8392427563667297
                    ],
                    [
                        0.4642910957336426,
                        0.30634570121765137,
                        0.7260444760322571,
                        -0.9140816926956177
                    ],
                    [
                        0.43666398525238037,
                        0.286494642496109,
                        0.6668363213539124,
                        -0.8454573154449463
                    ],
                    [
                        0.4325777590274811,
                        0.5339162349700928,
                        0.5516059994697571,
                        -0.7670325040817261
                    ],
                    [
                        0.46026691794395447,
                        0.5099136829376221,
                        0.6918925642967224,
                        -0.715604305267334
                    ],
                    [
                        0.5377525091171265,
                        0.5555000305175781,
                        0.6937159895896912,
                        -0.8323991894721985
                    ],
                    [
                        0.45127609372138977,
                        0.5345669388771057,
                        0.7085137367248535,
                        -0.9115362763404846
                    ],
                    [
                        0.43810024857521057,
                        0.5166914463043213,
                        0.7492836713790894,
                        -0.8856415748596191
                    ],
                    [
                        0.37392523884773254,
                        0.5293185710906982,
                        0.7056379914283752,
                        -0.8856151103973389
                    ],
                    [
                        0.4648590385913849,
                        0.47771766781806946,
                        0.8836662769317627,
                        -0.9763237237930298
                    ],
                    [
                        0.4470038115978241,
                        0.5161094665527344,
                        0.8690005540847778,
                        -0.9485930800437927
                    ],
                    [
                        0.4054463505744934,
                        0.5377306342124939,
                        0.7715295553207397,
                        -0.964077353477478
                    ],
                    [
                        0.3135656714439392,
                        0.5572990775108337,
                        0.8686975836753845,
                        -1.0459922552108765
                    ],
                    [
                        0.18510854244232178,
                        0.5819620490074158,
                        0.8907129764556885,
                        -1.0272389650344849
                    ],
                    [
                        0.38712891936302185,
                        0.6333275437355042,
                        0.7980496287345886,
                        -0.9896234273910522
                    ],
                    [
                        0.31778740882873535,
                        0.5866613388061523,
                        0.8309065699577332,
                        -0.9617194533348083
                    ],
                    [
                        0.28521496057510376,
                        0.5436814427375793,
                        0.9200214743614197,
                        -0.9425077438354492
                    ]
                ]
            ],
            "actions_pred": [
                [
                    [
                        0.2668273150920868,
                        0.22812257707118988,
                        0.2936531901359558,
                        0.31780731678009033,
                        0.4642910957336426,
                        0.43666398525238037,
                        0.4325777590274811,
                        0.46026691794395447,
                        0.5377525091171265,
                        0.45127609372138977,
