{
    "steps": [
        {
            "step": 0,
            "train_loss": 0.037551842629909515,
            "actions_pred1": [
                [
                    [
                        0.4047132730484009,
                        0.23891635239124298,
                        0.6391686797142029,
                        -0.31867700815200806
                    ],
                    [
                        0.4016684889793396,
                        0.28120219707489014,
                        0.657492995262146,
                        -0.38059496879577637
                    ],
                    [
                        0.34506577253341675,
                        0.32305461168289185,
                        0.7305781841278076,
                        -0.5265540480613708
                    ],
                    [
                        0.2446856051683426,
                        0.3370721936225891,
                        0.6800304651260376,
                        -0.520298421382904
                    ],
                    [
                        0.22287032008171082,
                        0.5104674100875854,
                        0.5836100578308105,
                        -0.5838348865509033
                    ],
                    [
                        0.3209931552410126,
                        0.40446630120277405,
                        0.6320065259933472,
                        -0.5003030300140381
                    ],
                    [
                        0.4436037242412567,
                        0.4331255555152893,
                        0.5518297553062439,
                        -0.421855092048645
                    ],
                    [
                        0.1558593511581421,
                        0.5079151391983032,
                        0.8339996337890625,
                        -0.43976324796676636
                    ],
                    [
                        0.128204807639122,
                        0.5839086771011353,
                        0.9195194244384766,
                        -0.42550867795944214
                    ],
                    [
                        0.02480582892894745,
                        0.5266920328140259,
                        0.9360063076019287,
                        -0.48295459151268005
                    ],
                    [
                        0.020984001457691193,
                        0.5455201864242554,
                        1.0039784908294678,
                        -0.6139690279960632
                    ],
                    [
                        0.2081982046365738,
                        0.41425007581710815,
                        0.836086630821228,
                        -0.46154487133026123
                    ],
                    [
                        0.21589204668998718,
                        0.3696773052215576,
                        0.8851203918457031,
                        -0.5492961406707764
                    ],
                    [
                        0.14437729120254517,
                        0.2735058069229126,
                        0.9015964269638062,
                        -0.4959353506565094
                    ],
                    [
                        0.3153204321861267,
                        0.4067375063896179,
                        0.8383105993270874,
                        -0.5525641441345215
                    ],
                    [
                        0.3226974308490753,
                        0.3471757769584656,
                        0.646969199180603,
                        -0.3890243172645569
                    ],
                    [
                        0.37405145168304443,
                        0.39826953411102295,
                        0.6134401559829712,
                        -0.344675749540329
                    ],
                    [
                        0.39857667684555054,
                        0.3820285499095917,
                        0.5938295722007751,
                        -0.3863803446292877
                    ],
                    [
                        0.5383855700492859,
                        0.3727695345878601,
                        0.7042006850242615,
                        -0.44510895013809204
                    ],
                    [
                        0.39243388175964355,
                        0.4679904878139496,
                        0.6830958127975464,
                        -0.43316227197647095
                    ]
                ]
            ],
            "actions_pred": [
                [
                    [
                        0.4047132730484009,
                        0.4016684889793396,
                        0.34506577253341675,
                        0.2446856051683426,
                        0.22287032008171082,
                        0.3209931552410126,
                        0.4436037242412567,
                        0.1558593511581421,
                        0.128204807639122,
                        0.02480582892894745,
                        0.020984001457691193,
                        0.2081982046365738,
                        0.21589204668998718,
                        0.14437729120254517,
                        0.3153204321861267,
                        0.3226974308490753,
                        0.37405145168304443,
                        0.39857667684555054,
                        0.5383855700492859,
                        0.39243388175964355
                    ],
                    [
                        0.23891635239124298,
                        0.28120219707489014,
                        0.32305461168289185,
                        0.3370721936225891,
                        0.5104674100875854,
                        0.40446630120277405,
                        0.4331255555152893,
                        0.5079151391983032,
                        0.5839086771011353,
                        0.5266920328140259,
                        0.5455201864242554,
                        0.41425007581710815,
                        0.3696773052215576,
                        0.2735058069229126,
                        0.4067375063896179,
                        0.3471757769584656,
                        0.39826953411102295,
                        0.3820285499095917,
                        0.3727695345878601,
                        0.4679904878139496
                    ],
                    [
                        0.6391686797142029,
                        0.657492995262146,
                        0.7305781841278076,
                        0.6800304651260376,
                        0.5836100578308105,
                        0.6320065259933472,
                        0.5518297553062439,
                        0.8339996337890625,
                        0.9195194244384766,
                        0.9360063076019287,
                        1.0039784908294678,
                        0.836086630821228,
                        0.8851203918457031,
                        0.9015964269638062,
                        0.8383105993270874,
                        0.646969199180603,
                        0.6134401559829712,
                        0.5938295722007751,
                        0.7042006850242615,
                        0.6830958127975464
                    ],
                    [
                        -0.31867700815200806,
                        -0.38059496879577637,
                        -0.5265540480613708,
                        -0.520298421382904,
                        -0.5838348865509033,
                        -0.5003030300140381,
                        -0.421855092048645,
                        -0.43976324796676636,
                        -0.42550867795944214,
                        -0.48295459151268005,
                        -0.6139690279960632,
                        -0.46154487133026123,
                        -0.5492961406707764,
                        -0.4959353506565094,
                        -0.5525641441345215,
                        -0.3890243172645569,
                        -0.344675749540329,
                        -0.3863803446292877,
                        -0.44510895013809204,
                        -0.43316227197647095
                    ]
                ]
            ],
            "states": [
                [
                    [
                        5847024.0,
                        7.17427474228316e-06,
                        0.0002797465131152421,
                        862261.25
                    ],
                    [
                        5130264.0,
                        7.109771104296669e-06,
                        0.00027696648612618446,
                        791462.9375
                    ],
                    [
                        5460408.0,
                        7.0486535150848795e-06,
                        0.0002747685939539224,
                        848104.9375
                    ],
                    [
                        5159224.0,
                        6.988396307860967e-06,
                        0.000255326071055606,
                        826896.4375
                    ],
                    [
                        5280856.0,
                        6.9301599978643935e-06,
                        0.0002729953557718545,
                        850071.375
                    ],
                    [
                        5415520.0,
                        6.871501227578847e-06,
                        0.00026464968686923385,
                        894284.875
                    ],
                    [
                        5138952.0,
                        6.81457140672137e-06,
                        0.000260901142610237,
                        824406.5
                    ],
                    [
                        5364840.0,
                        6.758851213817252e-06,
                        0.00026091569452546537,
                        837380.25
                    ],
                    [
                        8605643.0,
                        0.0036125751212239265,
                        0.0002766261750366539,
                        462352.0625
                    ],
                    [
                        10015816.0,
                        0.00033437556703574955,
                        0.00026207882910966873,
                        482968.0625
                    ],
                    [
                        7806168.0,
                        0.00019468956452328712,
                        0.00027697221958078444,
                        473153.5
                    ],
                    [
                        6004856.0,
                        0.00014804340025875717,
                        0.00037561735371127725,
                        563905.9375
                    ],
                    [
                        3835752.0,
                        0.00012653775047510862,
                        0.000348972505889833,
                        546822.625
                    ],
                    [
                        693592.0,
                        0.00011859468213515356,
                        0.000344088242854923,
                        536207.0
                    ],
                    [
                        1136680.0,
                        0.00011570940841920674,
                        0.00030916635296307504,
                        532932.75
                    ],
                    [
                        755856.0,
                        0.0001128598305513151,
                        0.00029186115716584027,
                        668301.125
                    ],
                    [
                        573408.0,
                        0.00011094257206423208,
                        0.00031188191496767104,
                        741689.6875
                    ],
                    [
                        432952.0,
                        0.0001095341140171513,
                        0.0003927450452465564,
                        678985.1875
                    ],
                    [
                        1216320.0,
                        0.00010730996291385964,
                        0.00034627493005245924,
                        618105.1875
                    ],
                    [
                        4131144.0,
                        0.00010072957229567692,
                        0.00028098482289351523,
                        571491.4375
                    ]
                ]
            ],
            "actions": [
                [
                    [
                        0.75
                    ],
                    [
                        0.75
                    ],
                    [
                        0.75
                    ],
                    [
                        0.75
                    ],
                    [
                        0.75
                    ],
                    [
                        0.75
                    ],
                    [
                        0.75
                    ],
                    [
                        0.75
                    ],
                    [
                        0.5
                    ],
                    [
                        0.5
                    ],
                    [
                        0.5
                    ],
                    [
                        0.5
                    ],
                    [
                        0.5
                    ],
                    [
                        0.5
                    ],
                    [
                        0.5
                    ],
                    [
                        0.5
                    ],
                    [
                        0.5
                    ],
                    [
                        0.5
                    ],
                    [
                        0.5
                    ],
                    [
                        0.5
                    ]
                ]
            ],
            "returns": [
                [
                    [
                        0.48685410618782043
                    ],
                    [
                        0.4859126806259155
                    ],
                    [
                        0.48498284816741943
                    ],
                    [
                        0.4840475022792816
                    ],
                    [
                        0.48311716318130493
                    ],
                    [
                        0.4821847677230835
                    ],
                    [
                        0.481250137090683
                    ],
                    [
                        0.48032015562057495
                    ],
                    [
                        0.4793863594532013
                    ],
                    [
                        0.47841066122055054
                    ],
                    [
                        0.47742152214050293
                    ],
                    [
                        0.4764544665813446
                    ],
                    [
                        0.47551068663597107
                    ],
                    [
                        0.47460663318634033
                    ],
                    [
                        0.4738542139530182
                    ],
                    [
                        0.47305798530578613
                    ],
                    [
                        0.4722979664802551
                    ],
                    [
                        0.47156238555908203
                    ],
                    [
                        0.47085174918174744
                    ],
                    [
                        0.47004953026771545
                    ]
                ]
            ],
            "timesteps": [
                [
                    100,
                    101,
                    102,
                    103,
                    104,
                    105,
                    106,
                    107,
                    108,
                    109,
                    110,
                    111,
                    112,
                    113,
                    114,
                    115,
                    116,
                    117,
                    118,
                    119
                ]
            ],
            "labels": [
                [
                    2,
                    2,
                    2,
                    2,
                    2,
                    2,
                    2,
                    2,
                    1,
                    1,
                    1,
                    1,
                    1,
                    1,
                    1,
                    1,
                    1,
                    1,
                    1,
                    1
                ]
            ],
            "CPU Usage": 45.5,
            "RAM Usage": 55.2,
            "GPU Usage": 0.0,
            "VRAM Usage": 355.0,
            "Disk Read Speed (MB/s)": 206065.5830078125,
            "Disk Write Speed (MB/s)": 362987.0087890625
        },
        {
            "step": 1,
            "train_loss": 0.034987326711416245,
            "actions_pred1": [
                [
                    [
                        0.7043740153312683,
                        0.17124074697494507,
                        0.32310640811920166,
                        -0.16688929498195648
                    ],
                    [
                        0.6408919095993042,
                        0.34799835085868835,
                        0.37636780738830566,
                        -0.12185071408748627
                    ],
                    [
                        0.6704601645469666,
                        0.3993411958217621,
                        0.3706214725971222,
                        -0.27278652787208557
                    ],
                    [
                        0.6388149857521057,
                        0.33864283561706543,
                        0.25637105107307434,
                        -0.3061290979385376
                    ],
                    [
                        0.40572234988212585,
                        0.5557880401611328,
                        0.472886860370636,
                        -0.4312598407268524
                    ],
                    [
                        0.2857910096645355,
                        0.3493737280368805,
                        0.522676944732666,
                        -0.3811914920806885
                    ],
                    [
                        0.4821247160434723,
                        0.3822528123855591,
                        0.5601624250411987,
                        -0.25203922390937805
                    ],
                    [
                        0.7055334448814392,
                        0.11987302452325821,
                        0.6291359663009644,
                        -0.3930112421512604
                    ],
                    [
                        0.5059275031089783,
                        0.25501829385757446,
                        0.7881423234939575,
                        -0.4184618592262268
                    ],
                    [
                        0.40607762336730957,
                        0.3071999251842499,
                        0.7331998348236084,
                        -0.3744199872016907
                    ],
                    [
                        0.5256837606430054,
                        0.21814793348312378,
                        0.6156536936759949,
                        -0.3882994055747986
                    ],
                    [
                        0.5956465601921082,
                        0.3030802607536316,
                        0.685979962348938,
                        -0.3076673746109009
                    ],
                    [
                        0.5368098020553589,
                        0.2699335813522339,
                        0.6597707867622375,
                        -0.3663635849952698
                    ],
                    [
                        0.44804006814956665,
                        0.1348283439874649,
                        0.6918227672576904,
                        -0.39708012342453003
                    ],
                    [
                        0.4059269428253174,
                        0.18438690900802612,
                        0.6468445658683777,
                        -0.3169514536857605
                    ],
                    [
                        0.35646629333496094,
                        0.20541131496429443,
                        0.6051385402679443,
                        -0.1892298460006714
                    ],
                    [
                        0.4482288956642151,
                        0.23747479915618896,
                        0.6632478833198547,
                        -0.16850849986076355
                    ],
                    [
                        0.4902462363243103,
                        0.2502671480178833,
                        0.7471857070922852,
                        -0.13620874285697937
                    ],
                    [
                        0.5539329051971436,
                        0.31409013271331787,
                        0.9537000060081482,
                        -0.2622208595275879
                    ],
                    [
                        0.5312404036521912,
                        0.26222413778305054,
                        0.821506917476654,
                        -0.3091111183166504
                    ]
                ]
            ],
            "actions_pred": [
                [
                    [
                        0.7043740153312683,
                        0.6408919095993042,
                        0.6704601645469666,
                        0.6388149857521057,
                        0.40572234988212585,
                        0.2857910096645355,
                        0.4821247160434723,
                        0.7055334448814392,
                        0.5059275031089783,
                        0.40607762336730957,
                        0.5256837606430054,
                        0.5956465601921082,
                        0.5368098020553589,
                        0.44804006814956665,
                        0.4059269428253174,
                        0.35646629333496094,
                        0.4482288956642151,
                        0.4902462363243103,
                        0.5539329051971436,
                        0.5312404036521912
                    ],
                    [
                        0.17124074697494507,
                        0.34799835085868835,
                        0.3993411958217621,
                        0.33864283561706543,
                        0.5557880401611328,
                        0.3493737280368805,
                        0.3822528123855591,
                        0.11987302452325821,
                        0.25501829385757446,
                        0.3071999251842499,
                        0.21814793348312378,
                        0.3030802607536316,
                        0.2699335813522339,
                        0.1348283439874649,
                        0.18438690900802612,
                        0.20541131496429443,
                        0.23747479915618896,
                        0.2502671480178833,
                        0.31409013271331787,
                        0.26222413778305054
                    ],
                    [
                        0.32310640811920166,
                        0.37636780738830566,
                        0.3706214725971222,
                        0.25637105107307434,
                        0.472886860370636,
                        0.522676944732666,
                        0.5601624250411987,
                        0.6291359663009644,
                        0.7881423234939575,
                        0.7331998348236084,
                        0.6156536936759949,
                        0.685979962348938,
                        0.6597707867622375,
                        0.6918227672576904,
                        0.6468445658683777,
                        0.6051385402679443,
                        0.6632478833198547,
                        0.7471857070922852,
                        0.9537000060081482,
                        0.821506917476654
                    ],
                    [
                        -0.16688929498195648,
                        -0.12185071408748627,
                        -0.27278652787208557,
                        -0.3061290979385376,
                        -0.4312598407268524,
                        -0.3811914920806885,
                        -0.25203922390937805,
                        -0.3930112421512604,
                        -0.4184618592262268,
                        -0.3744199872016907,
                        -0.3882994055747986,
                        -0.3076673746109009,
                        -0.3663635849952698,
                        -0.39708012342453003,
                        -0.3169514536857605,
                        -0.1892298460006714,
                        -0.16850849986076355,
                        -0.13620874285697937,
                        -0.2622208595275879,
                        -0.3091111183166504
                    ]
                ]
            ],
            "states": [
                [
                    [
                        5325744.0,
                        3.011092121596448e-05,
                        0.00027277067420072854,
                        851925.625
                    ],
                    [
                        5357600.0,
                        2.9456161428242922e-05,
                        0.00027305487310513854,
                        832487.0625
                    ],
                    [
                        5618240.0,
                        2.881258842535317e-05,
                        0.0002689558023121208,
                        866650.0
                    ],
                    [
                        5764488.0,
                        2.8174086764920503e-05,
                        0.0002797737834043801,
                        885137.0
                    ],
                    [
                        5370632.0,
                        2.7576063075684942e-05,
                        0.00025503398501314223,
                        827897.4375
                    ],
                    [
                        5432896.0,
                        2.7019848857889883e-05,
                        0.00027816780493594706,
                        880666.4375
                    ],
                    [
                        5364840.0,
                        2.6485795387998223e-05,
                        0.00026209698989987373,
                        834819.0
                    ],
                    [
                        5233072.0,
                        2.598174069134984e-05,
                        0.0002851165772881359,
                        880287.1875
                    ],
                    [
                        5114336.0,
                        2.5507837563054636e-05,
                        0.000267517170868814,
                        884475.5
                    ],
                    [
                        5458960.0,
                        2.504124859115109e-05,
                        0.00027258697082288563,
                        833080.1875
                    ],
                    [
                        5170808.0,
                        2.4588902306277305e-05,
                        0.00027191461413167417,
                        830618.8125
                    ],
                    [
                        5131712.0,
                        2.416586175968405e-05,
                        0.00027577357832342386,
                        795031.0
                    ],
                    [
                        5137504.0,
                        2.3758442694088444e-05,
                        0.00027702987426891923,
                        830415.5625
                    ],
                    [
                        5460408.0,
                        2.3352160496870056e-05,
                        0.0002779100905172527,
                        812805.0
                    ],
                    [
                        5332984.0,
                        2.2952330255066045e-05,
                        0.00026160795823670924,
                        784998.0
                    ],
                    [
                        5464752.0,
                        2.256591324112378e-05,
                        0.0002753763983491808,
                        843504.25
                    ],
                    [
                        5461856.0,
                        2.2187881768331863e-05,
                        0.0002731475979089737,
                        901654.0625
                    ],
                    [
                        5571904.0,
                        2.181875788664911e-05,
                        0.0002628508664201945,
                        880942.125
                    ],
                    [
                        5370632.0,
                        2.146460974472575e-05,
                        0.00026417680783197284,
                        856475.0625
                    ],
                    [
                        5508192.0,
                        2.1123838450876065e-05,
                        0.0002805523981805891,
                        865747.5
                    ]
                ]
            ],
            "actions": [
                [
                    [
                        0.75
                    ],
                    [
                        0.75
                    ],
                    [
                        0.75
                    ],
                    [
                        0.75
                    ],
                    [
                        0.75
                    ],
                    [
                        0.75
                    ],
                    [
                        0.75
                    ],
                    [
                        0.75
                    ],
                    [
                        0.75
                    ],
                    [
                        0.75
                    ],
                    [
                        0.75
                    ],
                    [
                        0.75
                    ],
                    [
                        0.75
                    ],
                    [
                        0.75
                    ],
                    [
                        0.75
                    ],
                    [
                        0.75
                    ],
                    [
                        0.75
                    ],
                    [
                        0.75
                    ],
                    [
                        0.75
                    ],
                    [
                        0.75
                    ]
                ]
            ],
            "returns": [
                [
                    [
                        0.34190085530281067
                    ],
                    [
                        0.34096771478652954
                    ],
                    [
                        0.34003403782844543
                    ],
                    [
                        0.3390961289405823
                    ],
                    [
                        0.33815598487854004
                    ],
                    [
                        0.33722206950187683
                    ],
                    [
                        0.33628717064857483
                    ],
                    [
                        0.33535337448120117
                    ],
                    [
                        0.3344217836856842
                    ],
                    [
                        0.3334922194480896
                    ],
                    [
                        0.33255690336227417
                    ],
                    [
                        0.33162635564804077
                    ],
                    [
                        0.3306964933872223
                    ],
                    [
                        0.32976654171943665
                    ],
                    [
                        0.32883119583129883
                    ],
                    [
                        0.32789793610572815
                    ],
                    [
                        0.32696250081062317
                    ],
                    [
                        0.3260270953178406
                    ],
                    [
                        0.3250899612903595
                    ],
                    [
                        0.3241560757160187
                    ]
                ]
            ],
            "timesteps": [
                [
                    260,
                    261,
                    262,
                    263,
                    264,
                    265,
                    266,
                    267,
                    268,
                    269,
                    270,
                    271,
                    272,
                    273,
                    274,
                    275,
                    276,
                    277,
                    278,
                    279
                ]
            ],
            "labels": [
                [
                    2,
                    2,
                    2,
                    2,
                    2,
                    2,
                    2,
                    2,
                    2,
                    2,
                    2,
                    2,
                    2,
                    2,
                    2,
                    2,
                    2,
                    2,
                    2,
                    2
                ]
            ],
            "CPU Usage": 46.7,
            "RAM Usage": 55.3,
            "GPU Usage": 0.0,
            "VRAM Usage": 355.0,
            "Disk Read Speed (MB/s)": 206065.5830078125,
            "Disk Write Speed (MB/s)": 362987.0634765625
        },
        {
            "step": 2,
            "train_loss": 0.03323528915643692,
            "actions_pred1": [
                [
                    [
                        0.6277092099189758,
                        0.25391656160354614,
                        0.5782168507575989,
                        0.20652294158935547
                    ],
                    [
                        0.2943345606327057,
                        0.3687002658843994,
                        0.632683277130127,
                        -0.011294931173324585
                    ],
                    [
                        0.261757493019104,
                        0.2361442744731903,
                        0.46266046166419983,
                        -0.04424440860748291
                    ],
                    [
                        0.21128737926483154,
                        0.27722129225730896,
                        0.4920617938041687,
                        -0.12764301896095276
                    ],
                    [
                        0.16268214583396912,
                        0.3402666747570038,
                        0.48544496297836304,
                        -0.1300981640815735
                    ],
                    [
                        0.36181169748306274,
                        0.29926222562789917,
                        0.469210684299469,
                        -0.3006497621536255
                    ],
                    [
                        0.23258458077907562,
                        0.12709689140319824,
                        0.6326497793197632,
                        -0.3304542303085327
                    ],
                    [
                        0.2548955976963043,
                        0.20956891775131226,
                        0.6928761601448059,
                        -0.3409949541091919
                    ],
                    [
                        0.14581623673439026,
                        0.2719879150390625,
                        0.5858020186424255,
                        -0.184269517660141
                    ],
                    [
                        0.20039430260658264,
                        0.2689390182495117,
                        0.5667756795883179,
                        -0.255553275346756
                    ],
                    [
                        0.16583138704299927,
                        0.3195461928844452,
                        0.6901572346687317,
                        -0.21098747849464417
                    ],
                    [
                        0.3183923363685608,
                        0.15974512696266174,
                        0.5854264497756958,
                        -0.09029650688171387
                    ],
                    [
                        0.22192615270614624,
                        0.19869935512542725,
                        0.6727087497711182,
                        -0.11376571655273438
                    ],
                    [
                        0.23385944962501526,
                        0.30634328722953796,
                        0.5952188372612,
                        -0.22300472855567932
                    ],
                    [
                        0.2651214003562927,
                        0.3482789695262909,
                        0.7221309542655945,
                        -0.2469007819890976
                    ],
                    [
                        0.4244765043258667,
                        0.3419368267059326,
                        0.6457659602165222,
                        -0.2672306299209595
                    ],
                    [
                        0.3801284730434418,
                        0.37258315086364746,
                        0.7391538023948669,
                        -0.194263756275177
                    ],
                    [
                        0.24934688210487366,
                        0.4281577467918396,
                        0.7302499413490295,
                        -0.3735325336456299
                    ],
                    [
                        0.3057028353214264,
                        0.3823578953742981,
                        0.7026890516281128,
                        -0.39311766624450684
                    ],
                    [
                        0.3649609684944153,
                        0.3428325653076172,
                        0.638257622718811,
                        -0.24359221756458282
                    ]
                ]
            ],
            "actions_pred": [
                [
                    [
                        0.6277092099189758,
                        0.2943345606327057,
                        0.261757493019104,
                        0.21128737926483154,
                        0.16268214583396912,
                        0.36181169748306274,
                        0.23258458077907562,
                        0.2548955976963043,
                        0.14581623673439026,
