{
    "steps": [
        {
            "step": 0,
            "train_loss": 0.04030156880617142,
            "actions_pred1": [
                [
                    [
                        0.3717440068721771,
                        0.6996431350708008,
                        1.6379663944244385,
                        -1.930527925491333
                    ],
                    [
                        0.44484785199165344,
                        0.49203187227249146,
                        1.5891501903533936,
                        -1.7936687469482422
                    ],
                    [
                        0.5684958696365356,
                        0.41978007555007935,
                        1.6210978031158447,
                        -1.9371228218078613
                    ],
                    [
                        0.7046711444854736,
                        0.45183566212654114,
                        1.6744284629821777,
                        -1.7548292875289917
                    ],
                    [
                        0.9217833280563354,
                        0.42281585931777954,
                        1.74542236328125,
                        -1.8510549068450928
                    ],
                    [
                        0.947809100151062,
                        0.49677860736846924,
                        1.6767369508743286,
                        -1.8493824005126953
                    ],
                    [
                        0.7437713742256165,
                        0.558482825756073,
                        1.6153810024261475,
                        -1.8853449821472168
                    ],
                    [
                        0.8027079701423645,
                        0.46768999099731445,
                        1.4553169012069702,
                        -2.0909483432769775
                    ],
                    [
                        0.7951524257659912,
                        0.38648754358291626,
                        1.5411348342895508,
                        -2.0392844676971436
                    ],
                    [
                        1.0531295537948608,
                        0.626162588596344,
                        1.7109392881393433,
                        -2.2899653911590576
                    ],
                    [
                        1.2978317737579346,
                        0.7275365591049194,
                        1.768759846687317,
                        -2.135631561279297
                    ],
                    [
                        1.334911584854126,
                        0.682579755783081,
                        1.6102700233459473,
                        -2.059119462966919
                    ],
                    [
                        1.2630892992019653,
                        0.778541088104248,
                        1.6406949758529663,
                        -2.1112985610961914
                    ],
                    [
                        1.1307182312011719,
                        0.7049378752708435,
                        1.7002159357070923,
                        -2.09908390045166
                    ],
                    [
                        1.0901025533676147,
                        0.5901731252670288,
                        1.5436714887619019,
                        -2.1621248722076416
                    ],
                    [
                        1.1581794023513794,
                        0.5653324723243713,
                        1.53095281124115,
                        -2.2032620906829834
                    ],
                    [
                        1.0638878345489502,
                        0.625217616558075,
                        1.6065402030944824,
                        -2.1369314193725586
                    ],
                    [
                        1.3047045469284058,
                        0.6410319805145264,
                        1.5634621381759644,
                        -2.1768410205841064
                    ],
                    [
                        1.2823747396469116,
                        0.5306698083877563,
                        1.3384044170379639,
                        -1.9720733165740967
                    ],
                    [
                        1.2180566787719727,
                        0.52196204662323,
                        1.5428014993667603,
                        -1.8671157360076904
                    ]
                ]
            ],
            "actions_pred": [
                [
                    [
                        0.3717440068721771,
                        0.44484785199165344,
                        0.5684958696365356,
                        0.7046711444854736,
                        0.9217833280563354,
                        0.947809100151062,
                        0.7437713742256165,
                        0.8027079701423645,
                        0.7951524257659912,
                        1.0531295537948608,
                        1.2978317737579346,
                        1.334911584854126,
                        1.2630892992019653,
                        1.1307182312011719,
                        1.0901025533676147,
                        1.1581794023513794,
                        1.0638878345489502,
                        1.3047045469284058,
                        1.2823747396469116,
                        1.2180566787719727
                    ],
                    [
                        0.6996431350708008,
                        0.49203187227249146,
                        0.41978007555007935,
                        0.45183566212654114,
                        0.42281585931777954,
                        0.49677860736846924,
                        0.558482825756073,
                        0.46768999099731445,
                        0.38648754358291626,
                        0.626162588596344,
                        0.7275365591049194,
                        0.682579755783081,
                        0.778541088104248,
                        0.7049378752708435,
                        0.5901731252670288,
                        0.5653324723243713,
                        0.625217616558075,
                        0.6410319805145264,
                        0.5306698083877563,
                        0.52196204662323
                    ],
                    [
                        1.6379663944244385,
                        1.5891501903533936,
                        1.6210978031158447,
                        1.6744284629821777,
                        1.74542236328125,
                        1.6767369508743286,
                        1.6153810024261475,
                        1.4553169012069702,
                        1.5411348342895508,
                        1.7109392881393433,
                        1.768759846687317,
                        1.6102700233459473,
                        1.6406949758529663,
                        1.7002159357070923,
                        1.5436714887619019,
                        1.53095281124115,
                        1.6065402030944824,
                        1.5634621381759644,
                        1.3384044170379639,
                        1.5428014993667603
                    ],
                    [
                        -1.930527925491333,
                        -1.7936687469482422,
                        -1.9371228218078613,
                        -1.7548292875289917,
                        -1.8510549068450928,
                        -1.8493824005126953,
                        -1.8853449821472168,
                        -2.0909483432769775,
                        -2.0392844676971436,
                        -2.2899653911590576,
                        -2.135631561279297,
                        -2.059119462966919,
                        -2.1112985610961914,
                        -2.09908390045166,
                        -2.1621248722076416,
                        -2.2032620906829834,
                        -2.1369314193725586,
                        -2.1768410205841064,
                        -1.9720733165740967,
                        -1.8671157360076904
                    ]
                ]
            ],
            "states": [
                [
                    [
                        1715880.0,
                        9.430604404769838e-05,
                        0.0053657107055187225,
                        470709.75
                    ],
                    [
                        1967832.0,
                        9.068279905477539e-05,
                        0.004402399994432926,
                        434480.75
                    ],
                    [
                        2130008.0,
                        8.69646537466906e-05,
                        0.004303366411477327,
                        508551.15625
                    ],
                    [
                        2267568.0,
                        8.329902630066499e-05,
                        0.003460775362327695,
                        467240.71875
                    ],
                    [
                        2448568.0,
                        7.969679427333176e-05,
                        0.003044134471565485,
                        537034.5
                    ],
                    [
                        2646944.0,
                        7.613936031702906e-05,
                        0.00288664479739964,
                        500456.03125
                    ],
                    [
                        1710088.0,
                        7.333141547860578e-05,
                        0.0027106136549264193,
                        490357.90625
                    ],
                    [
                        2580336.0,
                        7.077431655488908e-05,
                        0.0027518118731677532,
                        546850.6875
                    ],
                    [
                        2927856.0,
                        6.773720087949187e-05,
                        0.0026009255088865757,
                        496203.71875
                    ],
                    [
                        3168224.0,
                        6.466506602009758e-05,
                        0.002423960482701659,
                        507070.15625
                    ],
                    [
                        3505608.0,
                        6.160674092825502e-05,
                        0.002274049213156104,
                        516057.96875
                    ],
                    [
                        3553392.0,
                        5.866973879165016e-05,
                        0.0023237415589392185,
                        471484.09375
                    ],
                    [
                        4039920.0,
                        5.581038931268267e-05,
                        0.0021793735213577747,
                        501229.875
                    ],
                    [
                        4028336.0,
                        5.305969170876779e-05,
                        0.002523052040487528,
                        561908.75
                    ],
                    [
                        4312144.0,
                        5.04888485011179e-05,
                        0.002231767401099205,
                        502897.96875
                    ],
                    [
                        4776952.0,
                        4.795741187990643e-05,
                        0.0032643231097608805,
                        459673.25
                    ],
                    [
                        4743648.0,
                        4.5562293962575495e-05,
                        0.0020812072325497866,
                        515212.4375
                    ],
                    [
                        2971296.0,
                        4.3785152229247615e-05,
                        0.0015903349267318845,
                        502955.46875
                    ],
                    [
                        4981120.0,
                        4.21030999859795e-05,
                        0.0016534600872546434,
                        511202.4375
                    ],
                    [
                        4962296.0,
                        4.016688762931153e-05,
                        0.0014106292510405183,
                        493895.1875
                    ]
                ]
            ],
            "actions": [
                [
                    [
                        0.25
                    ],
                    [
                        0.25
                    ],
                    [
                        0.25
                    ],
                    [
                        0.25
                    ],
                    [
                        0.25
                    ],
                    [
                        0.25
                    ],
                    [
                        0.25
                    ],
                    [
                        0.25
                    ],
                    [
                        0.25
                    ],
                    [
                        0.25
                    ],
                    [
                        0.25
                    ],
                    [
                        0.25
                    ],
                    [
                        0.25
                    ],
                    [
                        0.25
                    ],
                    [
                        0.25
                    ],
                    [
                        0.25
                    ],
                    [
                        0.25
                    ],
                    [
                        0.25
                    ],
                    [
                        0.25
                    ],
                    [
                        0.25
                    ]
                ]
            ],
            "returns": [
                [
                    [
                        0.053779877722263336
                    ],
                    [
                        0.05294714868068695
                    ],
                    [
                        0.05210227146744728
                    ],
                    [
                        0.05125037208199501
                    ],
                    [
                        0.05039292573928833
                    ],
                    [
                        0.04952867329120636
                    ],
                    [
                        0.04865751042962074
                    ],
                    [
                        0.047825079411268234
                    ],
                    [
                        0.046956177800893784
                    ],
                    [
                        0.04607607424259186
                    ],
                    [
                        0.04518897458910942
                    ],
                    [
                        0.04429290443658829
                    ],
                    [
                        0.04339563474059105
                    ],
                    [
                        0.04248698428273201
                    ],
                    [
                        0.04157859459519386
                    ],
                    [
                        0.04066416248679161
                    ],
                    [
                        0.039740659296512604
                    ],
                    [
                        0.03881777450442314
                    ],
                    [
                        0.037936363369226456
                    ],
                    [
                        0.03700914978981018
                    ]
                ]
            ],
            "timesteps": [
                [
                    580,
                    581,
                    582,
                    583,
                    584,
                    585,
                    586,
                    587,
                    588,
                    589,
                    590,
                    591,
                    592,
                    593,
                    594,
                    595,
                    596,
                    597,
                    598,
                    599
                ]
            ],
            "labels": [
                [
                    0,
                    0,
                    0,
                    0,
                    0,
                    0,
                    0,
                    0,
                    0,
                    0,
                    0,
                    0,
                    0,
                    0,
                    0,
                    0,
                    0,
                    0,
                    0,
                    0
                ]
            ],
            "CPU Usage": 45.5,
            "RAM Usage": 54.9,
            "GPU Usage": 0.0,
            "VRAM Usage": 356.0,
            "Disk Read Speed (MB/s)": 206580.5810546875,
            "Disk Write Speed (MB/s)": 400534.0283203125
        },
        {
            "step": 1,
            "train_loss": 0.015876928344368935,
            "actions_pred1": [
                [
                    [
                        0.5844252705574036,
                        0.2694709897041321,
                        1.5617939233779907,
                        -1.7347664833068848
                    ],
                    [
                        0.6035277843475342,
                        0.42930352687835693,
                        1.5100107192993164,
                        -1.813310146331787
                    ],
                    [
                        0.6038603186607361,
                        0.5626416206359863,
                        1.5142080783843994,
                        -1.8547310829162598
                    ],
                    [
                        0.8053910732269287,
                        0.5974019765853882,
                        1.825788140296936,
                        -1.9574577808380127
                    ],
                    [
                        0.7881874442100525,
                        0.6120023727416992,
                        1.8649672269821167,
                        -2.0620760917663574
                    ],
                    [
                        0.45108547806739807,
                        0.33992671966552734,
                        1.8407319784164429,
                        -2.052189350128174
                    ],
                    [
                        0.3992190659046173,
                        0.34969666600227356,
                        1.7699599266052246,
                        -2.1126790046691895
                    ],
                    [
                        0.5777410864830017,
                        0.4519827663898468,
                        1.707445502281189,
                        -2.0420804023742676
                    ],
                    [
                        0.6065762639045715,
                        0.4307379424571991,
                        1.633396863937378,
                        -2.219958782196045
                    ],
                    [
                        0.5975205302238464,
                        0.4331876039505005,
                        1.5540281534194946,
                        -2.4132909774780273
                    ],
                    [
                        0.6464999914169312,
                        0.3376408517360687,
                        1.4628565311431885,
                        -2.3612022399902344
                    ],
                    [
                        0.6511280536651611,
                        0.4263905882835388,
                        1.6380712985992432,
                        -2.429931402206421
                    ],
                    [
                        0.6976818442344666,
                        0.4423324763774872,
                        1.7097278833389282,
                        -2.362600088119507
                    ],
                    [
                        0.7864924073219299,
                        0.25168609619140625,
                        1.750627040863037,
                        -2.6102712154388428
                    ],
                    [
                        0.8435444235801697,
                        0.2917921841144562,
                        1.7285633087158203,
                        -2.702251434326172
                    ],
                    [
                        0.7122410535812378,
                        0.36801421642303467,
                        1.752091884613037,
                        -2.8676676750183105
                    ],
                    [
                        0.7579312920570374,
                        0.4467030465602875,
                        1.8010717630386353,
                        -2.660287618637085
                    ],
                    [
                        0.7657885551452637,
                        0.4834389090538025,
                        1.7821402549743652,
                        -2.643843173980713
                    ],
                    [
                        0.7385559678077698,
                        0.5147446393966675,
                        1.7689292430877686,
                        -2.7184181213378906
                    ],
                    [
                        0.682614266872406,
                        0.5247724652290344,
                        1.7307473421096802,
                        -2.6866044998168945
                    ]
                ]
            ],
            "actions_pred": [
                [
                    [
                        0.5844252705574036,
                        0.6035277843475342,
                        0.6038603186607361,
                        0.8053910732269287,
                        0.7881874442100525,
                        0.45108547806739807,
                        0.3992190659046173,
                        0.5777410864830017,
                        0.6065762639045715,
                        0.5975205302238464,
                        0.6464999914169312,
                        0.6511280536651611,
                        0.6976818442344666,
                        0.7864924073219299,
                        0.8435444235801697,
                        0.7122410535812378,
                        0.7579312920570374,
                        0.7657885551452637,
                        0.7385559678077698,
                        0.682614266872406
                    ],
                    [
                        0.2694709897041321,
                        0.42930352687835693,
                        0.5626416206359863,
                        0.5974019765853882,
                        0.6120023727416992,
                        0.33992671966552734,
                        0.34969666600227356,
                        0.4519827663898468,
                        0.4307379424571991,
                        0.4331876039505005,
                        0.3376408517360687,
                        0.4263905882835388,
                        0.4423324763774872,
                        0.25168609619140625,
                        0.2917921841144562,
                        0.36801421642303467,
                        0.4467030465602875,
                        0.4834389090538025,
                        0.5147446393966675,
                        0.5247724652290344
                    ],
                    [
                        1.5617939233779907,
                        1.5100107192993164,
                        1.5142080783843994,
                        1.825788140296936,
                        1.8649672269821167,
                        1.8407319784164429,
                        1.7699599266052246,
                        1.707445502281189,
                        1.633396863937378,
                        1.5540281534194946,
                        1.4628565311431885,
                        1.6380712985992432,
                        1.7097278833389282,
                        1.750627040863037,
                        1.7285633087158203,
                        1.752091884613037,
                        1.8010717630386353,
                        1.7821402549743652,
                        1.7689292430877686,
                        1.7307473421096802
                    ],
                    [
                        -1.7347664833068848,
                        -1.813310146331787,
                        -1.8547310829162598,
                        -1.9574577808380127,
                        -2.0620760917663574,
                        -2.052189350128174,
                        -2.1126790046691895,
                        -2.0420804023742676,
                        -2.219958782196045,
                        -2.4132909774780273,
                        -2.3612022399902344,
                        -2.429931402206421,
                        -2.362600088119507,
                        -2.6102712154388428,
                        -2.702251434326172,
                        -2.8676676750183105,
                        -2.660287618637085,
                        -2.643843173980713,
                        -2.7184181213378906,
                        -2.6866044998168945
                    ]
                ]
            ],
            "states": [
                [
                    [
                        5583488.0,
                        1.565206184750423e-05,
                        0.00026454709586687386,
                        777972.9375
                    ],
                    [
                        4978224.0,
                        1.5359531971625984e-05,
                        0.0002797465131152421,
                        855686.3125
                    ],
                    [
                        5334432.0,
                        1.5084374354046304e-05,
                        0.00027696648612618446,
                        816815.875
                    ],
                    [
                        5159224.0,
                        1.4814246242167428e-05,
                        0.0002747685939539224,
                        799861.375
                    ],
                    [
                        5513984.0,
                        1.4549360457749572e-05,
                        0.000255326071055606,
                        807912.1875
                    ],
                    [
                        5082480.0,
                        1.4295442269940395e-05,
                        0.0002729953557718545,
                        779605.9375
                    ],
                    [
                        5376424.0,
                        1.4053456652618479e-05,
                        0.00026464968686923385,
                        853596.25
                    ],
                    [
                        5073792.0,
                        1.3819644664181396e-05,
                        0.000260901142610237,
                        865763.5
                    ],
                    [
                        5425656.0,
                        1.3592515642812941e-05,
                        0.00026091569452546537,
                        896600.0
                    ],
                    [
                        5301128.0,
                        1.3368029613047838e-05,
                        0.00027603365015238523,
                        844597.4375
                    ],
                    [
                        5346016.0,
                        1.3152442988939583e-05,
                        0.0002529293124098331,
                        839011.5
                    ],
                    [
                        5652992.0,
                        1.2936916391481645e-05,
                        0.0002769185812212527,
                        874385.5625
                    ],
                    [
                        5185288.0,
                        1.2731260540022049e-05,
                        0.0002480096882209182,
                        820181.0625
                    ],
                    [
                        5438688.0,
                        1.2536010217445437e-05,
                        0.00027678909827955067,
                        838090.6875
                    ],
                    [
                        5221488.0,
                        1.2345956747594755e-05,
                        0.0002834639744833112,
                        979366.25
                    ],
                    [
                        5306920.0,
                        1.2163849532953463e-05,
                        0.00027035834500566125,
                        858373.0
                    ],
                    [
                        5419864.0,
                        1.1983782314928249e-05,
                        0.0002671718248166144,
                        825702.5
                    ],
                    [
                        5708016.0,
                        1.1802524568338413e-05,
                        0.00027032653451897204,
                        851358.6875
                    ],
                    [
                        5637064.0,
                        1.1623262253124267e-05,
                        0.0002656110445968807,
                        872734.375
                    ],
                    [
                        5471992.0,
                        1.1452919352450408e-05,
                        0.0002651966060511768,
                        865487.25
                    ]
                ]
            ],
            "actions": [
                [
                    [
                        0.75
                    ],
                    [
                        0.75
                    ],
                    [
                        0.75
                    ],
                    [
                        0.75
                    ],
                    [
                        0.75
                    ],
                    [
                        0.75
                    ],
                    [
                        0.75
                    ],
                    [
                        0.75
                    ],
                    [
                        0.75
                    ],
                    [
                        0.75
                    ],
                    [
                        0.75
                    ],
                    [
                        0.75
                    ],
                    [
                        0.75
                    ],
                    [
                        0.75
                    ],
                    [
                        0.75
                    ],
                    [
                        0.75
                    ],
                    [
                        0.75
                    ],
                    [
                        0.75
                    ],
                    [
                        0.75
                    ],
                    [
                        0.75
                    ]
                ]
            ],
            "returns": [
                [
                    [
                        0.5428837537765503
                    ],
                    [
                        0.5419464111328125
                    ],
                    [
                        0.5410192608833313
                    ],
                    [
                        0.5400859713554382
                    ],
                    [
                        0.5391556620597839
                    ],
                    [
                        0.5382193922996521
                    ],
                    [
                        0.5372903943061829
                    ],
                    [
                        0.5363564491271973
                    ],
                    [
                        0.5354275703430176
                    ],
                    [
                        0.5344927906990051
                    ],
                    [
                        0.533560037612915
                    ],
                    [
                        0.5326265692710876
                    ],
                    [
                        0.5316881537437439
                    ],
                    [
                        0.5307573676109314
                    ],
                    [
                        0.5298223495483398
                    ],
                    [
                        0.5288909673690796
                    ],
                    [
                        0.5279580950737
                    ],
                    [
                        0.527023434638977
                    ],
                    [
                        0.5260841250419617
                    ],
                    [
                        0.525145947933197
                    ]
                ]
            ],
            "timesteps": [
                [
                    40,
                    41,
                    42,
                    43,
                    44,
                    45,
                    46,
                    47,
                    48,
                    49,
                    50,
                    51,
                    52,
                    53,
                    54,
                    55,
                    56,
                    57,
                    58,
                    59
                ]
            ],
            "labels": [
                [
                    2,
                    2,
                    2,
                    2,
                    2,
                    2,
                    2,
                    2,
                    2,
                    2,
                    2,
                    2,
                    2,
                    2,
                    2,
                    2,
                    2,
                    2,
                    2,
                    2
                ]
            ],
            "CPU Usage": 46.8,
            "RAM Usage": 55.0,
            "GPU Usage": 0.0,
            "VRAM Usage": 356.0,
            "Disk Read Speed (MB/s)": 206580.5810546875,
            "Disk Write Speed (MB/s)": 400534.1923828125
        },
        {
            "step": 2,
            "train_loss": 0.017558814957737923,
            "actions_pred1": [
                [
                    [
                        0.7513848543167114,
                        0.5569688081741333,
                        1.3878217935562134,
                        -1.9800584316253662
                    ],
                    [
                        0.658374011516571,
                        0.6941453814506531,
                        1.4352092742919922,
                        -1.8169634342193604
                    ],
                    [
                        0.7531359195709229,
                        0.6655809283256531,
                        1.4056396484375,
                        -1.9150745868682861
                    ],
                    [
                        0.7494331002235413,
                        0.5812163352966309,
                        1.287327527999878,
                        -1.9833229780197144
                    ],
                    [
                        0.49918413162231445,
                        0.7906700372695923,
                        1.5141921043395996,
                        -2.123417615890503
                    ],
                    [
                        0.4316290020942688,
                        0.5500689148902893,
                        1.5967570543289185,
                        -2.0039286613464355
                    ],
                    [
                        0.7243202328681946,
                        0.6430264711380005,
                        1.659285068511963,
                        -1.8581044673919678
                    ],
                    [
                        1.1016168594360352,
                        0.4460497498512268,
                        1.8319584131240845,
                        -2.1979992389678955
                    ],
                    [
                        0.8847845792770386,
                        0.5941343307495117,
                        2.024991273880005,
                        -2.2904505729675293
                    ],
                    [
                        0.7317936420440674,
                        0.6297879815101624,
                        1.9586628675460815,
                        -2.1711864471435547
                    ],
                    [
                        0.8095003366470337,
                        0.5070139169692993,
                        1.7632911205291748,
                        -2.179077386856079
                    ],
                    [
                        0.8664626479148865,
                        0.5794495344161987,
                        1.7873787879943848,
                        -2.0461297035217285
                    ],
                    [
                        0.8363443613052368,
                        0.5297980904579163,
                        1.7480143308639526,
                        -2.1035351753234863
                    ],
                    [
                        0.8354704976081848,
                        0.3344854414463043,
                        1.7306822538375854,
                        -2.156754493713379
                    ],
                    [
                        0.7889137268066406,
                        0.3753788471221924,
                        1.6576131582260132,
                        -2.080437421798706
                    ],
                    [
                        0.6951858997344971,
                        0.415250301361084,
                        1.6320912837982178,
                        -1.882853388786316
                    ],
                    [
                        0.7393512725830078,
                        0.4967295825481415,
                        1.694963812828064,
                        -1.8497565984725952
                    ],
                    [
                        0.7552404999732971,
                        0.5030463337898254,
                        1.7686209678649902,
                        -1.7945741415023804
                    ],
                    [
                        0.8120458126068115,
                        0.5338193774223328,
                        1.9858427047729492,
                        -1.9369786977767944
                    ],
                    [
                        0.8286455869674683,
                        0.5211449861526489,
                        1.8485201597213745,
                        -2.0449771881103516
                    ]
                ]
            ],
            "actions_pred": [
                [
                    [
                        0.7513848543167114,
                        0.658374011516571,
                        0.7531359195709229,
                        0.7494331002235413,
                        0.49918413162231445,
                        0.4316290020942688,
                        0.7243202328681946,
                        1.1016168594360352,
                        0.8847845792770386,
                        0.7317936420440674,
                        0.8095003366470337,
                        0.8664626479148865,
                        0.8363443613052368,
