{
    "steps": [
        {
            "step": 0,
            "train_loss": 0.014798147603869438,
            "actions_pred1": [
                [
                    [
                        0.0818152204155922,
                        0.5396440029144287,
                        1.4407069683074951,
                        -1.541589617729187
                    ],
                    [
                        -0.020944803953170776,
                        0.48872148990631104,
                        1.5420786142349243,
                        -1.5434989929199219
                    ],
                    [
                        0.10674011707305908,
                        0.5790262818336487,
                        1.5147192478179932,
                        -1.4535013437271118
                    ],
                    [
                        0.21438971161842346,
                        0.5924577713012695,
                        1.5323457717895508,
                        -1.543906569480896
                    ],
                    [
                        0.27759113907814026,
                        0.654637336730957,
                        1.4784272909164429,
                        -1.7216124534606934
                    ],
                    [
                        0.09819623827934265,
                        0.5703449249267578,
                        1.445861577987671,
                        -1.690263032913208
                    ],
                    [
                        0.102293461561203,
                        0.49996453523635864,
                        1.5581063032150269,
                        -1.677527666091919
                    ],
                    [
                        0.10458356887102127,
                        0.5629816651344299,
                        1.605750560760498,
                        -1.771101713180542
                    ],
                    [
                        0.2697526216506958,
                        0.6228265762329102,
                        1.7010338306427002,
                        -1.7012661695480347
                    ],
                    [
                        0.2430649995803833,
                        0.5642697811126709,
                        1.6760282516479492,
                        -1.7438457012176514
                    ],
                    [
                        0.26517581939697266,
                        0.6801674365997314,
                        1.703697681427002,
                        -1.7347266674041748
                    ],
                    [
                        0.3049246668815613,
                        0.6185237169265747,
                        1.6480178833007812,
                        -1.750868558883667
                    ],
                    [
                        0.2981880009174347,
                        0.6197292804718018,
                        1.671971082687378,
                        -1.7169312238693237
                    ],
                    [
                        0.3315112888813019,
                        0.7273104190826416,
                        1.873317837715149,
                        -1.6879048347473145
                    ],
                    [
                        0.32582536339759827,
                        0.7731853127479553,
                        1.882369875907898,
                        -1.6080467700958252
                    ],
                    [
                        0.3432803750038147,
                        0.781960129737854,
                        1.9963229894638062,
                        -1.6131353378295898
                    ],
                    [
                        0.14194634556770325,
                        0.7424288392066956,
                        1.9357224702835083,
                        -1.7993881702423096
                    ],
                    [
                        -0.004013903439044952,
                        0.7650893330574036,
                        1.982534408569336,
                        -1.7660236358642578
                    ],
                    [
                        0.01822635531425476,
                        0.770176351070404,
                        1.8772728443145752,
                        -1.7782843112945557
                    ],
                    [
                        -0.03344404697418213,
                        0.8700181245803833,
                        1.9944645166397095,
                        -1.7377753257751465
                    ]
                ]
            ],
            "actions_pred": [
                [
                    [
                        0.0818152204155922,
                        -0.020944803953170776,
                        0.10674011707305908,
                        0.21438971161842346,
                        0.27759113907814026,
                        0.09819623827934265,
                        0.102293461561203,
                        0.10458356887102127,
                        0.2697526216506958,
                        0.2430649995803833,
                        0.26517581939697266,
                        0.3049246668815613,
                        0.2981880009174347,
                        0.3315112888813019,
                        0.32582536339759827,
                        0.3432803750038147,
                        0.14194634556770325,
                        -0.004013903439044952,
                        0.01822635531425476,
                        -0.03344404697418213
                    ],
                    [
                        0.5396440029144287,
                        0.48872148990631104,
                        0.5790262818336487,
                        0.5924577713012695,
                        0.654637336730957,
                        0.5703449249267578,
                        0.49996453523635864,
                        0.5629816651344299,
                        0.6228265762329102,
                        0.5642697811126709,
                        0.6801674365997314,
                        0.6185237169265747,
                        0.6197292804718018,
                        0.7273104190826416,
                        0.7731853127479553,
                        0.781960129737854,
                        0.7424288392066956,
                        0.7650893330574036,
                        0.770176351070404,
                        0.8700181245803833
                    ],
                    [
                        1.4407069683074951,
                        1.5420786142349243,
                        1.5147192478179932,
                        1.5323457717895508,
                        1.4784272909164429,
                        1.445861577987671,
                        1.5581063032150269,
                        1.605750560760498,
                        1.7010338306427002,
                        1.6760282516479492,
                        1.703697681427002,
                        1.6480178833007812,
                        1.671971082687378,
                        1.873317837715149,
                        1.882369875907898,
                        1.9963229894638062,
                        1.9357224702835083,
                        1.982534408569336,
                        1.8772728443145752,
                        1.9944645166397095
                    ],
                    [
                        -1.541589617729187,
                        -1.5434989929199219,
                        -1.4535013437271118,
                        -1.543906569480896,
                        -1.7216124534606934,
                        -1.690263032913208,
                        -1.677527666091919,
                        -1.771101713180542,
                        -1.7012661695480347,
                        -1.7438457012176514,
                        -1.7347266674041748,
                        -1.750868558883667,
                        -1.7169312238693237,
                        -1.6879048347473145,
                        -1.6080467700958252,
                        -1.6131353378295898,
                        -1.7993881702423096,
                        -1.7660236358642578,
                        -1.7782843112945557,
                        -1.7377753257751465
                    ]
                ]
            ],
            "states": [
                [
                    [
                        9069003.0,
                        0.0034533278085291386,
                        0.0002651966060511768,
                        441188.5625
                    ],
                    [
                        11320464.0,
                        0.000310528528643772,
                        0.0002789112040773034,
                        436995.21875
                    ],
                    [
                        10438632.0,
                        0.00017193457460962236,
                        0.00025781430304050446,
                        493798.40625
                    ],
                    [
                        10012920.0,
                        0.00012196777242934331,
                        0.0002818313369061798,
                        466062.65625
                    ],
                    [
                        10120072.0,
                        9.498456347500905e-05,
                        0.00027022496215067804,
                        484496.1875
                    ],
                    [
                        9115160.0,
                        7.838496094336733e-05,
                        0.00027221045456826687,
                        480218.375
                    ],
                    [
                        8819768.0,
                        6.74370166962035e-05,
                        0.0002733847650233656,
                        463188.125
                    ],
                    [
                        9522048.0,
                        5.902954944758676e-05,
                        0.00026607781182974577,
                        571538.5
                    ],
                    [
                        9099232.0,
                        5.2383467846084386e-05,
                        0.00028466759249567986,
                        601120.625
                    ],
                    [
                        8877688.0,
                        4.72521896881517e-05,
                        0.0002693114511203021,
                        590414.6875
                    ],
                    [
                        7406288.0,
                        4.339466249803081e-05,
                        0.0002695369767025113,
                        529230.5625
                    ],
                    [
                        7668840.0,
                        4.0354032535105944e-05,
                        0.00026757299201563,
                        612860.8125
                    ],
                    [
                        7531048.0,
                        3.768979149754159e-05,
                        0.0002770914288703352,
                        740788.0625
                    ],
                    [
                        7394936.0,
                        3.539538010954857e-05,
                        0.0002540841815061867,
                        705727.25
                    ],
                    [
                        6951848.0,
                        3.34380820277147e-05,
                        0.0002650599053595215,
                        732259.125
                    ],
                    [
                        6330656.0,
                        3.180928251822479e-05,
                        0.00027801760006695986,
                        722867.4375
                    ],
                    [
                        5884672.0,
                        3.0445722586591728e-05,
                        0.0002704633225221187,
                        677627.4375
                    ],
                    [
                        5363392.0,
                        2.9289631129358895e-05,
                        0.0002756867033895105,
                        805457.5625
                    ],
                    [
                        5311264.0,
                        2.82715027424274e-05,
                        0.00025344316964037716,
                        860605.0
                    ],
                    [
                        5401040.0,
                        2.6375411835033447e-05,
                        0.000413205154472962,
                        833632.5625
                    ]
                ]
            ],
            "actions": [
                [
                    [
                        0.75
                    ],
                    [
                        0.75
                    ],
                    [
                        0.75
                    ],
                    [
                        0.75
                    ],
                    [
                        0.75
                    ],
                    [
                        0.75
                    ],
                    [
                        0.75
                    ],
                    [
                        0.75
                    ],
                    [
                        0.75
                    ],
                    [
                        0.75
                    ],
                    [
                        0.75
                    ],
                    [
                        0.75
                    ],
                    [
                        0.75
                    ],
                    [
                        0.75
                    ],
                    [
                        0.75
                    ],
                    [
                        0.75
                    ],
                    [
                        0.75
                    ],
                    [
                        0.75
                    ],
                    [
                        0.75
                    ],
                    [
                        0.75
                    ]
                ]
            ],
            "returns": [
                [
                    [
                        0.5809153318405151
                    ],
                    [
                        0.5799350142478943
                    ],
                    [
                        0.5789350271224976
                    ],
                    [
                        0.5779421925544739
                    ],
                    [
                        0.5769530534744263
                    ],
                    [
                        0.575963020324707
                    ],
                    [
                        0.574982225894928
                    ],
                    [
                        0.5740043520927429
                    ],
                    [
                        0.5730196833610535
                    ],
                    [
                        0.5720390677452087
                    ],
                    [
                        0.5710605978965759
                    ],
                    [
                        0.5700982213020325
                    ],
                    [
                        0.5691327452659607
                    ],
                    [
                        0.5681688785552979
                    ],
                    [
                        0.567206621170044
                    ],
                    [
                        0.5662498474121094
                    ],
                    [
                        0.5653014183044434
                    ],
                    [
                        0.5643594264984131
                    ],
                    [
                        0.563425600528717
                    ],
                    [
                        0.5624927282333374
                    ]
                ]
            ],
            "timesteps": [
                [
                    0,
                    1,
                    2,
                    3,
                    4,
                    5,
                    6,
                    7,
                    8,
                    9,
                    10,
                    11,
                    12,
                    13,
                    14,
                    15,
                    16,
                    17,
                    18,
                    19
                ]
            ],
            "labels": [
                [
                    2,
                    2,
                    2,
                    2,
                    2,
                    2,
                    2,
                    2,
                    2,
                    2,
                    2,
                    2,
                    2,
                    2,
                    2,
                    2,
                    2,
                    2,
                    2,
                    2
                ]
            ],
            "CPU Usage": 46.3,
            "RAM Usage": 54.9,
            "GPU Usage": 0.0,
            "VRAM Usage": 356.0,
            "Disk Read Speed (MB/s)": 206568.2587890625,
            "Disk Write Speed (MB/s)": 395948.8876953125
        },
        {
            "step": 1,
            "train_loss": 0.01972629874944687,
            "actions_pred1": [
                [
                    [
                        0.55938720703125,
                        0.7224349975585938,
                        1.4432491064071655,
                        -1.991890788078308
                    ],
                    [
                        0.30932483077049255,
                        0.7993150949478149,
                        1.36976957321167,
                        -1.7803277969360352
                    ],
                    [
                        0.16018587350845337,
                        1.152914047241211,
                        1.450342059135437,
                        -1.8782004117965698
                    ],
                    [
                        0.25266313552856445,
                        1.0823472738265991,
                        1.5816473960876465,
                        -1.890627384185791
                    ],
                    [
                        0.2521419823169708,
                        1.063254714012146,
                        1.5281530618667603,
                        -1.9627482891082764
                    ],
                    [
                        0.37852954864501953,
                        1.0482141971588135,
                        1.5390409231185913,
                        -1.9330921173095703
                    ],
                    [
                        0.296794056892395,
                        0.9411951303482056,
                        1.5626516342163086,
                        -1.8971141576766968
                    ],
                    [
                        0.10501324385404587,
                        0.8207064270973206,
                        1.583745002746582,
                        -2.0395302772521973
                    ],
                    [
                        0.2180137038230896,
                        0.716180145740509,
                        1.4884235858917236,
                        -1.9935827255249023
                    ],
                    [
                        0.27662885189056396,
                        0.9117122888565063,
                        1.6210505962371826,
                        -2.018287420272827
                    ],
                    [
                        0.2207632064819336,
                        0.9892004728317261,
                        1.727358102798462,
                        -2.0035781860351562
                    ],
                    [
                        0.45203694701194763,
                        1.0301811695098877,
                        1.6274744272232056,
                        -2.249964714050293
                    ],
                    [
                        0.621912956237793,
                        0.9620376825332642,
                        1.6793023347854614,
                        -2.3132221698760986
                    ],
                    [
                        0.4857102036476135,
                        0.9222730398178101,
                        1.4384100437164307,
                        -2.346137523651123
                    ],
                    [
                        0.36806821823120117,
                        0.9838951826095581,
                        1.5249412059783936,
                        -2.25189208984375
                    ],
                    [
                        0.3274894952774048,
                        0.8985264301300049,
                        1.7046698331832886,
                        -2.644303798675537
                    ],
                    [
                        0.3696134090423584,
                        1.030625343322754,
                        1.5351753234863281,
                        -2.363677501678467
                    ],
                    [
                        0.3308458626270294,
                        1.166974425315857,
                        1.623226284980774,
                        -2.219663143157959
                    ],
                    [
                        0.2942315638065338,
                        1.252969741821289,
                        1.6838560104370117,
                        -2.172219753265381
                    ],
                    [
                        0.27541229128837585,
                        1.2146531343460083,
                        1.6659166812896729,
                        -2.2550036907196045
                    ]
                ]
            ],
            "actions_pred": [
                [
                    [
                        0.55938720703125,
                        0.30932483077049255,
                        0.16018587350845337,
                        0.25266313552856445,
                        0.2521419823169708,
                        0.37852954864501953,
                        0.296794056892395,
                        0.10501324385404587,
                        0.2180137038230896,
                        0.27662885189056396,
                        0.2207632064819336,
                        0.45203694701194763,
                        0.621912956237793,
                        0.4857102036476135,
                        0.36806821823120117,
                        0.3274894952774048,
                        0.3696134090423584,
                        0.3308458626270294,
                        0.2942315638065338,
                        0.27541229128837585
                    ],
                    [
                        0.7224349975585938,
                        0.7993150949478149,
                        1.152914047241211,
                        1.0823472738265991,
                        1.063254714012146,
                        1.0482141971588135,
                        0.9411951303482056,
                        0.8207064270973206,
                        0.716180145740509,
                        0.9117122888565063,
                        0.9892004728317261,
                        1.0301811695098877,
                        0.9620376825332642,
                        0.9222730398178101,
                        0.9838951826095581,
                        0.8985264301300049,
                        1.030625343322754,
                        1.166974425315857,
                        1.252969741821289,
                        1.2146531343460083
                    ],
                    [
                        1.4432491064071655,
                        1.36976957321167,
                        1.450342059135437,
                        1.5816473960876465,
                        1.5281530618667603,
                        1.5390409231185913,
                        1.5626516342163086,
                        1.583745002746582,
                        1.4884235858917236,
                        1.6210505962371826,
                        1.727358102798462,
                        1.6274744272232056,
                        1.6793023347854614,
                        1.4384100437164307,
                        1.5249412059783936,
                        1.7046698331832886,
                        1.5351753234863281,
                        1.623226284980774,
                        1.6838560104370117,
                        1.6659166812896729
                    ],
                    [
                        -1.991890788078308,
                        -1.7803277969360352,
                        -1.8782004117965698,
                        -1.890627384185791,
                        -1.9627482891082764,
                        -1.9330921173095703,
                        -1.8971141576766968,
                        -2.0395302772521973,
                        -1.9935827255249023,
                        -2.018287420272827,
                        -2.0035781860351562,
                        -2.249964714050293,
                        -2.3132221698760986,
                        -2.346137523651123,
                        -2.25189208984375,
                        -2.644303798675537,
                        -2.363677501678467,
                        -2.219663143157959,
                        -2.172219753265381,
                        -2.2550036907196045
                    ]
                ]
            ],
            "states": [
                [
                    [
                        5305472.0,
                        8.719099241716322e-06,
                        0.00013201982073951513,
                        847637.0625
                    ],
                    [
                        5427104.0,
                        8.626127055322286e-06,
                        0.00013791865785606205,
                        798609.0
                    ],
                    [
                        5450272.0,
                        8.533900654583704e-06,
                        0.00014453318726737052,
                        879716.5
                    ],
                    [
                        5114336.0,
                        8.446181709587108e-06,
                        0.00014699026360176504,
                        849232.5625
                    ],
                    [
                        5466200.0,
                        8.360139872820582e-06,
                        0.00016071676509454846,
                        823946.3125
                    ],
                    [
                        5315608.0,
                        8.27424355520634e-06,
                        0.00016249381587840617,
                        854104.0625
                    ],
                    [
                        5602312.0,
                        8.189044820028357e-06,
                        0.0001488575799157843,
                        832423.8125
                    ],
                    [
                        5063656.0,
                        8.107467692752834e-06,
                        0.00016087492986116558,
                        837260.4375
                    ],
                    [
                        5243208.0,
                        8.030191565921996e-06,
                        0.00016716374375391752,
                        847603.1875
                    ],
                    [
                        5813720.0,
                        7.948916390887462e-06,
                        0.00019032474665436894,
                        855439.25
                    ],
                    [
                        5408280.0,
                        7.868069587857462e-06,
                        0.00018542619363870472,
                        819410.4375
                    ],
                    [
                        5082480.0,
                        7.7939621405676e-06,
                        0.000198170033399947,
                        886572.3125
                    ],
                    [
                        5553080.0,
                        7.720262146904133e-06,
                        0.0001916241308208555,
                        834980.5
                    ],
                    [
                        5222936.0,
                        7.646989615750499e-06,
                        0.0002063407882815227,
                        810099.0
                    ],
                    [
                        5267824.0,
                        7.57698762754444e-06,
                        0.00023895764024928212,
                        771615.4375
                    ],
                    [
                        5292440.0,
                        7.507794634875609e-06,
                        0.00025051896227523685,
                        873322.6875
                    ],
                    [
                        5603760.0,
                        7.437720341840759e-06,
                        0.0002676467993296683,
                        855312.0625
                    ],
                    [
                        5289312.0,
                        7.368956630671164e-06,
                        0.0002700872428249568,
                        823382.9375
                    ],
                    [
                        5275296.0,
                        7.303467100427952e-06,
                        0.0002660537720657885,
                        780031.4375
                    ],
                    [
                        5143296.0,
                        7.240012109832605e-06,
                        0.00026454709586687386,
                        808306.8125
                    ]
                ]
            ],
            "actions": [
                [
                    [
                        0.75
                    ],
                    [
                        0.75
                    ],
                    [
                        0.75
                    ],
                    [
                        0.75
                    ],
                    [
                        0.75
                    ],
                    [
                        0.75
                    ],
                    [
                        0.75
                    ],
                    [
                        0.75
                    ],
                    [
                        0.75
                    ],
                    [
                        0.75
                    ],
                    [
                        0.75
                    ],
                    [
                        0.75
                    ],
                    [
                        0.75
                    ],
                    [
                        0.75
                    ],
                    [
                        0.75
                    ],
                    [
                        0.75
                    ],
                    [
                        0.75
                    ],
                    [
                        0.75
                    ],
                    [
                        0.75
                    ],
                    [
                        0.75
                    ]
                ]
            ],
            "returns": [
                [
                    [
                        0.5055230259895325
                    ],
                    [
                        0.5045902132987976
                    ],
                    [
                        0.5036553740501404
                    ],
                    [
                        0.5027201771736145
                    ],
                    [
                        0.5017906427383423
                    ],
                    [
                        0.5008551478385925
                    ],
                    [
                        0.4999221861362457
                    ],
                    [
                        0.49898457527160645
                    ],
                    [
                        0.49805590510368347
                    ],
                    [
                        0.4971241354942322
                    ],
                    [
                        0.49618321657180786
                    ],
                    [
                        0.4952487051486969
                    ],
                    [
                        0.49431970715522766
                    ],
                    [
                        0.49338284134864807
                    ],
                    [
                        0.49245142936706543
                    ],
                    [
                        0.4915192425251007
                    ],
                    [
                        0.49058666825294495
                    ],
                    [
                        0.4896489977836609
                    ],
                    [
                        0.4887164533138275
                    ],
                    [
                        0.48778414726257324
                    ]
                ]
            ],
            "timesteps": [
                [
                    80,
                    81,
                    82,
                    83,
                    84,
                    85,
                    86,
                    87,
                    88,
                    89,
                    90,
                    91,
                    92,
                    93,
                    94,
                    95,
                    96,
                    97,
                    98,
                    99
                ]
            ],
            "labels": [
                [
                    2,
                    2,
                    2,
                    2,
                    2,
                    2,
                    2,
                    2,
                    2,
                    2,
                    2,
                    2,
                    2,
                    2,
                    2,
                    2,
                    2,
                    2,
                    2,
                    2
                ]
            ],
            "CPU Usage": 46.7,
            "RAM Usage": 55.0,
            "GPU Usage": 0.0,
            "VRAM Usage": 356.0,
            "Disk Read Speed (MB/s)": 206568.2587890625,
            "Disk Write Speed (MB/s)": 395949.0439453125
        },
        {
            "step": 2,
            "train_loss": 0.05375431105494499,
            "actions_pred1": [
                [
                    [
                        -0.013284362852573395,
                        1.026301622390747,
                        1.5726275444030762,
                        -1.812631607055664
                    ],
                    [
                        0.0644233226776123,
                        0.7999985218048096,
                        1.5337826013565063,
                        -1.7057136297225952
                    ],
                    [
                        0.1685229241847992,
                        0.7310267090797424,
                        1.567755937576294,
                        -1.844481110572815
                    ],
                    [
                        0.25649356842041016,
                        0.7588248252868652,
                        1.6341018676757812,
                        -1.653126835823059
                    ],
                    [
                        0.4335523247718811,
                        0.7575036287307739,
                        1.7059028148651123,
                        -1.7403302192687988
                    ],
                    [
                        0.45028603076934814,
                        0.8319593071937561,
                        1.6387484073638916,
                        -1.7395203113555908
                    ],
                    [
                        0.2610742449760437,
                        0.8831365704536438,
                        1.5741446018218994,
                        -1.7709276676177979
                    ],
                    [
                        0.3080093264579773,
                        0.8057252168655396,
                        1.4228968620300293,
                        -1.9584566354751587
                    ],
                    [
                        0.32128286361694336,
                        0.7151462435722351,
                        1.502246618270874,
                        -1.8935422897338867
                    ],
                    [
                        0.5240259766578674,
                        0.9517408609390259,
                        1.6423883438110352,
                        -2.1025822162628174
                    ],
                    [
                        0.7580252885818481,
                        1.0657304525375366,
                        1.7106355428695679,
                        -1.9567680358886719
                    ],
                    [
                        0.7984070181846619,
                        1.0203945636749268,
                        1.5566320419311523,
                        -1.899364948272705
                    ],
                    [
                        0.7251495122909546,
                        1.1151580810546875,
                        1.5873183012008667,
                        -1.956308364868164
                    ],
                    [
                        0.6114933490753174,
                        1.0297497510910034,
                        1.6436494588851929,
                        -1.9503650665283203
                    ],
                    [
                        0.5820107460021973,
                        0.9211493730545044,
                        1.4977415800094604,
                        -2.009916305541992
                    ],
                    [
                        0.6385706067085266,
                        0.9073731303215027,
                        1.4870643615722656,
                        -2.0585427284240723
                    ],
                    [
                        0.536832332611084,
                        0.9715550541877747,
                        1.563890814781189,
                        -1.9971787929534912
                    ],
                    [
                        0.742456316947937,
                        1.0044193267822266,
                        1.4928638935089111,
                        -1.9913668632507324
                    ],
                    [
                        0.7294203042984009,
                        0.8917742371559143,
                        1.2752423286437988,
                        -1.8152340650558472
                    ],
                    [
                        0.6930890679359436,
                        0.8714113831520081,
                        1.4753813743591309,
                        -1.7391715049743652
                    ]
                ]
            ],
            "actions_pred": [
                [
                    [
                        -0.013284362852573395,
                        0.0644233226776123,
                        0.1685229241847992,
                        0.25649356842041016,
                        0.4335523247718811,
                        0.45028603076934814,
                        0.2610742449760437,
                        0.3080093264579773,
                        0.32128286361694336,
                        0.5240259766578674,
                        0.7580252885818481,
                        0.7984070181846619,
                        0.7251495122909546,
