{
    "steps": [
        {
            "step": 0,
            "train_loss": 0.0466911606490612,
            "actions_pred1": [
                [
                    [
                        0.4147360920906067,
                        0.04671129584312439,
                        0.5588634610176086,
                        -0.09477487206459045
                    ],
                    [
                        0.31671690940856934,
                        -0.12189394235610962,
                        0.376933753490448,
                        -0.08332154154777527
                    ],
                    [
                        0.23626795411109924,
                        -0.07750794291496277,
                        0.48449718952178955,
                        -0.15044406056404114
                    ],
                    [
                        0.03226792812347412,
                        -0.013114280998706818,
                        0.4338732957839966,
                        -0.17472875118255615
                    ],
                    [
                        -0.004944302141666412,
                        0.054760679602622986,
                        0.47645390033721924,
                        -0.23885776102542877
                    ],
                    [
                        0.025125809013843536,
                        0.095600925385952,
                        0.5225844979286194,
                        -0.15406227111816406
                    ],
                    [
                        -0.0055829063057899475,
                        0.14096224308013916,
                        0.4285047650337219,
                        -0.13519564270973206
                    ],
                    [
                        -0.017559528350830078,
                        0.05336365848779678,
                        0.48780572414398193,
                        -0.19363489747047424
                    ],
                    [
                        -0.03589940816164017,
                        0.03839079290628433,
                        0.5138611793518066,
                        -0.23296791315078735
                    ],
                    [
                        -0.01560238003730774,
                        0.058400318026542664,
                        0.6554015874862671,
                        -0.1595745086669922
                    ],
                    [
                        0.1592455506324768,
                        0.061276279389858246,
                        0.5874992609024048,
                        -0.2729295790195465
                    ],
                    [
                        0.2776641249656677,
                        0.010610237717628479,
                        0.578110933303833,
                        -0.33772942423820496
                    ],
                    [
                        0.14532719552516937,
                        0.10733629018068314,
                        0.6934589147567749,
                        -0.3486127257347107
                    ],
                    [
                        0.10576259344816208,
                        0.09191228449344635,
                        0.7049738168716431,
                        -0.22138577699661255
                    ],
                    [
                        0.029864870011806488,
                        0.15465009212493896,
                        0.673647940158844,
                        -0.19120129942893982
                    ],
                    [
                        0.06899869441986084,
                        0.21800456941127777,
                        0.6966795325279236,
                        -0.16910970211029053
                    ],
                    [
                        0.06281978636980057,
                        0.12370159476995468,
                        0.731587827205658,
                        -0.2204483449459076
                    ],
                    [
                        0.046491146087646484,
                        0.09882380068302155,
                        0.6649969816207886,
                        -0.17532864212989807
                    ],
                    [
                        0.14786368608474731,
                        0.1419188529253006,
                        0.5740280747413635,
                        -0.09568330645561218
                    ],
                    [
                        0.1958913952112198,
                        0.20144669711589813,
                        0.4972323179244995,
                        -0.17620620131492615
                    ]
                ]
            ],
            "actions_pred": [
                [
                    [
                        0.4147360920906067,
                        0.31671690940856934,
                        0.23626795411109924,
                        0.03226792812347412,
                        -0.004944302141666412,
                        0.025125809013843536,
                        -0.0055829063057899475,
                        -0.017559528350830078,
                        -0.03589940816164017,
                        -0.01560238003730774,
                        0.1592455506324768,
                        0.2776641249656677,
                        0.14532719552516937,
                        0.10576259344816208,
                        0.029864870011806488,
                        0.06899869441986084,
                        0.06281978636980057,
                        0.046491146087646484,
                        0.14786368608474731,
                        0.1958913952112198
                    ],
                    [
                        0.04671129584312439,
                        -0.12189394235610962,
                        -0.07750794291496277,
                        -0.013114280998706818,
                        0.054760679602622986,
                        0.095600925385952,
                        0.14096224308013916,
                        0.05336365848779678,
                        0.03839079290628433,
                        0.058400318026542664,
                        0.061276279389858246,
                        0.010610237717628479,
                        0.10733629018068314,
                        0.09191228449344635,
                        0.15465009212493896,
                        0.21800456941127777,
                        0.12370159476995468,
                        0.09882380068302155,
                        0.1419188529253006,
                        0.20144669711589813
                    ],
                    [
                        0.5588634610176086,
                        0.376933753490448,
                        0.48449718952178955,
                        0.4338732957839966,
                        0.47645390033721924,
                        0.5225844979286194,
                        0.4285047650337219,
                        0.48780572414398193,
                        0.5138611793518066,
                        0.6554015874862671,
                        0.5874992609024048,
                        0.578110933303833,
                        0.6934589147567749,
                        0.7049738168716431,
                        0.673647940158844,
                        0.6966795325279236,
                        0.731587827205658,
                        0.6649969816207886,
                        0.5740280747413635,
                        0.4972323179244995
                    ],
                    [
                        -0.09477487206459045,
                        -0.08332154154777527,
                        -0.15044406056404114,
                        -0.17472875118255615,
                        -0.23885776102542877,
                        -0.15406227111816406,
                        -0.13519564270973206,
                        -0.19363489747047424,
                        -0.23296791315078735,
                        -0.1595745086669922,
                        -0.2729295790195465,
                        -0.33772942423820496,
                        -0.3486127257347107,
                        -0.22138577699661255,
                        -0.19120129942893982,
                        -0.16910970211029053,
                        -0.2204483449459076,
                        -0.17532864212989807,
                        -0.09568330645561218,
                        -0.17620620131492615
                    ]
                ]
            ],
            "states": [
                [
                    [
                        5603760.0,
                        1.8195280063082464e-05,
                        0.00019109471759293228,
                        502731.65625
                    ],
                    [
                        5502400.0,
                        1.778137630026322e-05,
                        0.00025023153284564614,
                        515799.5
                    ],
                    [
                        3495337.0,
                        2.0890449377475306e-05,
                        0.000305382302030921,
                        476338.21875
                    ],
                    [
                        1255416.0,
                        5.187569695408456e-05,
                        0.00029567780438810587,
                        761957.25
                    ],
                    [
                        2240056.0,
                        5.151751611265354e-05,
                        0.00033060877467505634,
                        603144.3125
                    ],
                    [
                        3857472.0,
                        4.8557489208178595e-05,
                        0.0031183171086013317,
                        533986.8125
                    ],
                    [
                        4274496.0,
                        4.78329966426827e-05,
                        0.0025027666706591845,
                        540291.25
                    ],
                    [
                        4416400.0,
                        4.7082099627004936e-05,
                        0.0014389286516234279,
                        565093.875
                    ],
                    [
                        8094320.0,
                        4.604376954375766e-05,
                        0.0007658242247998714,
                        548988.375
                    ],
                    [
                        6445048.0,
                        4.488962440518662e-05,
                        0.00038344759377650917,
                        548654.4375
                    ],
                    [
                        5370632.0,
                        4.3993775761919096e-05,
                        0.00022289676417130977,
                        576383.875
                    ],
                    [
                        4669800.0,
                        4.3260322854621336e-05,
                        0.00016156068886630237,
                        587927.8125
                    ],
                    [
                        5024560.0,
                        4.257538603269495e-05,
                        0.0001406134688295424,
                        551057.8125
                    ],
                    [
                        5088272.0,
                        4.1883507947204635e-05,
                        0.00015407148748636246,
                        546541.25
                    ],
                    [
                        5479232.0,
                        4.118427023058757e-05,
                        0.00013193934864830226,
                        600107.125
                    ],
                    [
                        4853696.0,
                        4.0522416384192184e-05,
                        0.000135277965455316,
                        557284.125
                    ],
                    [
                        4022544.0,
                        3.997057501692325e-05,
                        0.0001415384467691183,
                        635772.1875
                    ],
                    [
                        3612760.0,
                        3.950786776840687e-05,
                        0.0001762084721121937,
                        576885.25
                    ],
                    [
                        3773488.0,
                        3.907046266249381e-05,
                        0.000310274597723037,
                        547162.9375
                    ],
                    [
                        4445360.0,
                        3.8595113437622786e-05,
                        0.00025462565827183425,
                        623805.0
                    ]
                ]
            ],
            "actions": [
                [
                    [
                        0.5
                    ],
                    [
                        0.5
                    ],
                    [
                        0.5
                    ],
                    [
                        0.5
                    ],
                    [
                        0.5
                    ],
                    [
                        0.5
                    ],
                    [
                        0.5
                    ],
                    [
                        0.5
                    ],
                    [
                        0.5
                    ],
                    [
                        0.5
                    ],
                    [
                        0.5
                    ],
                    [
                        0.5
                    ],
                    [
                        0.5
                    ],
                    [
                        0.5
                    ],
                    [
                        0.5
                    ],
                    [
                        0.5
                    ],
                    [
                        0.5
                    ],
                    [
                        0.5
                    ],
                    [
                        0.5
                    ],
                    [
                        0.5
                    ]
                ]
            ],
            "returns": [
                [
                    [
                        0.1523428112268448
                    ],
                    [
                        0.15140515565872192
                    ],
                    [
                        0.150469109416008
                    ],
                    [
                        0.14957329630851746
                    ],
                    [
                        0.14876827597618103
                    ],
                    [
                        0.1479119062423706
                    ],
                    [
                        0.14700736105442047
                    ],
                    [
                        0.1460937112569809
                    ],
                    [
                        0.14517715573310852
                    ],
                    [
                        0.14420689642429352
                    ],
                    [
                        0.14325684309005737
                    ],
                    [
                        0.14232294261455536
                    ],
                    [
                        0.14140145480632782
                    ],
                    [
                        0.14047347009181976
                    ],
                    [
                        0.13954436779022217
                    ],
                    [
                        0.13860870897769928
                    ],
                    [
                        0.13768377900123596
                    ],
                    [
                        0.13677552342414856
                    ],
                    [
                        0.13587677478790283
                    ],
                    [
                        0.1349741816520691
                    ]
                ]
            ],
            "timesteps": [
                [
                    460,
                    461,
                    462,
                    463,
                    464,
                    465,
                    466,
                    467,
                    468,
                    469,
                    470,
                    471,
                    472,
                    473,
                    474,
                    475,
                    476,
                    477,
                    478,
                    479
                ]
            ],
            "labels": [
                [
                    1,
                    1,
                    1,
                    1,
                    1,
                    1,
                    1,
                    1,
                    1,
                    1,
                    1,
                    1,
                    1,
                    1,
                    1,
                    1,
                    1,
                    1,
                    1,
                    1
                ]
            ],
            "CPU Usage": 46.3,
            "RAM Usage": 55.2,
            "GPU Usage": 0.0,
            "VRAM Usage": 355.0,
            "Disk Read Speed (MB/s)": 206043.8681640625,
            "Disk Write Speed (MB/s)": 358384.5712890625
        },
        {
            "step": 1,
            "train_loss": 0.03781890124082565,
            "actions_pred1": [
                [
                    [
                        0.5570520162582397,
                        0.15450547635555267,
                        0.6820881962776184,
                        -0.06233981251716614
                    ],
                    [
                        0.42203661799430847,
                        0.1245657205581665,
                        0.5462557673454285,
                        -0.06895892322063446
                    ],
                    [
                        0.3423151671886444,
                        -0.15261498093605042,
                        0.37053433060646057,
                        -0.24910613894462585
                    ],
                    [
                        0.4035450518131256,
                        -0.09207139164209366,
                        0.31777048110961914,
                        -0.32046079635620117
                    ],
                    [
                        0.3683775067329407,
                        -0.06460577249526978,
                        0.42189404368400574,
                        -0.3602028489112854
                    ],
                    [
                        0.2656446695327759,
                        0.07944987714290619,
                        0.511406660079956,
                        -0.37834838032722473
                    ],
                    [
                        0.4622878134250641,
                        -0.02337530255317688,
                        0.46140050888061523,
                        -0.4327206313610077
                    ],
                    [
                        0.4065014719963074,
                        0.018675997853279114,
                        0.44678622484207153,
                        -0.43876639008522034
                    ],
                    [
                        0.36751794815063477,
                        0.12476702779531479,
                        0.6823914051055908,
                        -0.5044378042221069
                    ],
                    [
                        0.45657312870025635,
                        0.17903517186641693,
                        0.663366436958313,
                        -0.4411942958831787
                    ],
                    [
                        0.38357025384902954,
                        0.07610133290290833,
                        0.662872850894928,
                        -0.3977813720703125
                    ],
                    [
                        0.3929164707660675,
                        0.10368908196687698,
                        0.5759369134902954,
                        -0.3745221793651581
                    ],
                    [
                        0.4188804030418396,
                        0.12882722914218903,
                        0.5890495777130127,
                        -0.3386380970478058
                    ],
                    [
                        0.40226584672927856,
                        0.15952859818935394,
                        0.6783771514892578,
                        -0.19617322087287903
                    ],
                    [
                        0.4239175319671631,
                        0.10624653846025467,
                        0.6761782169342041,
                        -0.20698514580726624
                    ],
                    [
                        0.4401088356971741,
                        -0.05540426820516586,
                        0.4367620646953583,
                        -0.24197372794151306
                    ],
                    [
                        0.45319828391075134,
                        0.060843199491500854,
                        0.47578486800193787,
                        -0.34465932846069336
                    ],
                    [
                        0.38904958963394165,
                        0.06970322877168655,
                        0.46618545055389404,
                        -0.2857138216495514
                    ],
                    [
                        0.35619503259658813,
                        0.08295135200023651,
                        0.5518829822540283,
                        -0.26744699478149414
                    ],
                    [
                        0.35694020986557007,
                        0.10058289766311646,
                        0.6360624432563782,
                        -0.3368532359600067
                    ]
                ]
            ],
            "actions_pred": [
                [
                    [
                        0.5570520162582397,
                        0.42203661799430847,
                        0.3423151671886444,
                        0.4035450518131256,
                        0.3683775067329407,
                        0.2656446695327759,
                        0.4622878134250641,
                        0.4065014719963074,
                        0.36751794815063477,
                        0.45657312870025635,
                        0.38357025384902954,
                        0.3929164707660675,
                        0.4188804030418396,
                        0.40226584672927856,
                        0.4239175319671631,
                        0.4401088356971741,
                        0.45319828391075134,
                        0.38904958963394165,
                        0.35619503259658813,
                        0.35694020986557007
                    ],
                    [
                        0.15450547635555267,
                        0.1245657205581665,
                        -0.15261498093605042,
                        -0.09207139164209366,
                        -0.06460577249526978,
                        0.07944987714290619,
                        -0.02337530255317688,
                        0.018675997853279114,
                        0.12476702779531479,
                        0.17903517186641693,
                        0.07610133290290833,
                        0.10368908196687698,
                        0.12882722914218903,
                        0.15952859818935394,
                        0.10624653846025467,
                        -0.05540426820516586,
                        0.060843199491500854,
                        0.06970322877168655,
                        0.08295135200023651,
                        0.10058289766311646
                    ],
                    [
                        0.6820881962776184,
                        0.5462557673454285,
                        0.37053433060646057,
                        0.31777048110961914,
                        0.42189404368400574,
                        0.511406660079956,
                        0.46140050888061523,
                        0.44678622484207153,
                        0.6823914051055908,
                        0.663366436958313,
                        0.662872850894928,
                        0.5759369134902954,
                        0.5890495777130127,
                        0.6783771514892578,
                        0.6761782169342041,
                        0.4367620646953583,
                        0.47578486800193787,
                        0.46618545055389404,
                        0.5518829822540283,
                        0.6360624432563782
                    ],
                    [
                        -0.06233981251716614,
                        -0.06895892322063446,
                        -0.24910613894462585,
                        -0.32046079635620117,
                        -0.3602028489112854,
                        -0.37834838032722473,
                        -0.4327206313610077,
                        -0.43876639008522034,
                        -0.5044378042221069,
                        -0.4411942958831787,
                        -0.3977813720703125,
                        -0.3745221793651581,
                        -0.3386380970478058,
                        -0.19617322087287903,
                        -0.20698514580726624,
                        -0.24197372794151306,
                        -0.34465932846069336,
                        -0.2857138216495514,
                        -0.26744699478149414,
                        -0.3368532359600067
                    ]
                ]
            ],
            "states": [
                [
                    [
                        5130264.0,
                        9.53052585828118e-06,
                        0.00017112551722675562,
                        484343.53125
                    ],
                    [
                        5473440.0,
                        9.464440154260956e-06,
                        0.00025726869353093207,
                        530369.25
                    ],
                    [
                        5615344.0,
                        9.396303539688233e-06,
                        0.000244751397985965,
                        507658.4375
                    ],
                    [
                        5705120.0,
                        9.327747648057994e-06,
                        0.0002547030453570187,
                        475297.125
                    ],
                    [
                        5661680.0,
                        9.25990843825275e-06,
                        0.0002602769818622619,
                        509474.46875
                    ],
                    [
                        5626928.0,
                        9.193505320581608e-06,
                        0.00028401854797266424,
                        512406.875
                    ],
                    [
                        7240000.0,
                        9.118992238654755e-06,
                        0.00026182830333709717,
                        473767.34375
                    ],
                    [
                        6098976.0,
                        9.042967576533556e-06,
                        0.00025427230866625905,
                        486137.84375
                    ],
                    [
                        5957072.0,
                        8.975355740403756e-06,
                        0.00025071317213587463,
                        481721.90625
                    ],
                    [
                        6045400.0,
                        8.909044481697492e-06,
                        0.000257556646829471,
                        512695.15625
                    ],
                    [
                        5554528.0,
                        8.845872798701748e-06,
                        0.0002534309751354158,
                        490408.03125
                    ],
                    [
                        5395248.0,
                        8.787061233306304e-06,
                        0.00019772094674408436,
                        502051.125
                    ],
                    [
                        6014992.0,
                        8.726612577447668e-06,
                        0.00023689404770266265,
                        496127.90625
                    ],
                    [
                        5615344.0,
                        8.665836503496394e-06,
                        0.00024040597782004625,
                        497831.1875
                    ],
                    [
                        5961416.0,
                        8.60618456499651e-06,
                        0.00023798528127372265,
                        498399.9375
                    ],
                    [
                        5690640.0,
                        8.546960089006461e-06,
                        0.0002599294239189476,
                        501903.53125
                    ],
                    [
                        6043952.0,
                        8.48813488119049e-06,
                        0.0002636733988765627,
                        501576.46875
                    ],
                    [
                        7975584.0,
                        8.418936886300799e-06,
                        0.00023683813924435526,
                        444337.65625
                    ],
                    [
                        5891912.0,
                        8.351544238394126e-06,
                        0.0002558637352194637,
                        498428.25
                    ],
                    [
                        6125040.0,
                        8.294033250422217e-06,
                        0.00024174025747925043,
                        501703.09375
                    ]
                ]
            ],
            "actions": [
                [
                    [
                        0.25
                    ],
                    [
                        0.25
                    ],
                    [
                        0.25
                    ],
                    [
                        0.25
                    ],
                    [
                        0.25
                    ],
                    [
                        0.25
                    ],
                    [
                        0.25
                    ],
                    [
                        0.25
                    ],
                    [
                        0.25
                    ],
                    [
                        0.25
                    ],
                    [
                        0.25
                    ],
                    [
                        0.25
                    ],
                    [
                        0.25
                    ],
                    [
                        0.25
                    ],
                    [
                        0.25
                    ],
                    [
                        0.25
                    ],
                    [
                        0.25
                    ],
                    [
                        0.25
                    ],
                    [
                        0.25
                    ],
                    [
                        0.25
                    ]
                ]
            ],
            "returns": [
                [
                    [
                        0.20859551429748535
                    ],
                    [
                        0.20766568183898926
                    ],
                    [
                        0.20673011243343353
                    ],
                    [
                        0.20579227805137634
                    ],
                    [
                        0.20485302805900574
                    ],
                    [
                        0.20391446352005005
                    ],
                    [
                        0.20297643542289734
                    ],
                    [
                        0.20201605558395386
                    ],
                    [
                        0.2010708898305893
                    ],
                    [
                        0.20012782514095306
                    ],
                    [
                        0.19918343424797058
                    ],
                    [
                        0.1982465535402298
                    ],
                    [
                        0.19731226563453674
                    ],
                    [
                        0.19636832177639008
                    ],
                    [
                        0.19543048739433289
                    ],
                    [
                        0.19448734819889069
                    ],
                    [
                        0.193548321723938
                    ],
                    [
                        0.1926039606332779
                    ],
                    [
                        0.19163501262664795
                    ],
                    [
                        0.19069290161132812
                    ]
                ]
            ],
            "timesteps": [
                [
                    400,
                    401,
                    402,
                    403,
                    404,
                    405,
                    406,
                    407,
                    408,
                    409,
                    410,
                    411,
                    412,
                    413,
                    414,
                    415,
                    416,
                    417,
                    418,
                    419
                ]
            ],
            "labels": [
                [
                    0,
                    0,
                    0,
                    0,
                    0,
                    0,
                    0,
                    0,
                    0,
                    0,
                    0,
                    0,
                    0,
                    0,
                    0,
                    0,
                    0,
                    0,
                    0,
                    0
                ]
            ],
            "CPU Usage": 46.7,
            "RAM Usage": 55.4,
            "GPU Usage": 0.0,
            "VRAM Usage": 355.0,
            "Disk Read Speed (MB/s)": 206043.8681640625,
            "Disk Write Speed (MB/s)": 358384.7001953125
        },
        {
            "step": 2,
            "train_loss": 0.04016841575503349,
            "actions_pred1": [
                [
                    [
                        0.34875965118408203,
                        -0.030454076826572418,
                        0.49996623396873474,
                        -0.3979074954986572
                    ],
                    [
                        0.4461178779602051,
                        0.07354943454265594,
                        0.3907430171966553,
                        -0.37719041109085083
                    ],
                    [
                        0.41316354274749756,
                        0.12081080675125122,
                        0.5420757532119751,
                        -0.2571274936199188
                    ],
                    [
                        0.5132641792297363,
                        -0.019298583269119263,
                        0.53829026222229,
                        -0.2821948826313019
                    ],
                    [
                        0.497387170791626,
                        -0.030774392187595367,
                        0.6422892212867737,
                        -0.26803863048553467
                    ],
                    [
                        0.31235557794570923,
                        0.06201309710741043,
                        0.3675576150417328,
                        -0.4012475907802582
                    ],
                    [
                        0.31840643286705017,
                        0.12286453694105148,
                        0.49252527952194214,
                        -0.17952421307563782
                    ],
                    [
                        0.4939337372779846,
                        0.12722092866897583,
                        0.49234238266944885,
                        -0.10485056042671204
                    ],
                    [
                        0.5128985643386841,
                        0.15876571834087372,
                        0.4303434491157532,
                        -0.18353387713432312
                    ],
                    [
                        0.3543468713760376,
                        0.14146235585212708,
                        0.6353997588157654,
                        -0.11824721097946167
                    ],
                    [
                        0.279541015625,
                        0.05179472267627716,
                        0.7480366826057434,
                        -0.11214339733123779
                    ],
                    [
                        0.28119438886642456,
                        0.037367671728134155,
                        0.7304205894470215,
                        -0.050537556409835815
                    ],
                    [
                        0.26112401485443115,
                        0.09277946501970291,
                        0.6535640358924866,
                        -0.05414578318595886
                    ],
                    [
                        0.30199700593948364,
                        0.10305573791265488,
                        0.6917988061904907,
                        -0.08375242352485657
                    ],
                    [
                        0.3818916082382202,
                        0.03974981606006622,
                        0.7103918194770813,
                        -0.15719389915466309
                    ],
                    [
                        0.35961276292800903,
                        0.08067247271537781,
                        0.8119980096817017,
                        -0.10064053535461426
                    ],
                    [
                        0.3471655547618866,
                        0.0027063190937042236,
                        0.6165153980255127,
                        -0.14550161361694336
                    ],
                    [
                        0.379493772983551,
                        0.17780354619026184,
                        0.6142022609710693,
                        -0.18685662746429443
                    ],
                    [
                        0.2830200493335724,
                        0.07845655083656311,
                        0.7255852818489075,
                        -0.184442400932312
                    ],
                    [
                        0.15860864520072937,
                        0.05304759740829468,
                        0.8100805282592773,
                        -0.1610155999660492
                    ]
                ]
            ],
            "actions_pred": [
                [
                    [
                        0.34875965118408203,
                        0.4461178779602051,
                        0.41316354274749756,
                        0.5132641792297363,
                        0.497387170791626,
