{
    "steps": [
        {
            "step": 0,
            "train_loss": 0.0006776744266971946,
            "actions_pred1": [
                [
                    [
                        0.4628426730632782,
                        4.534634590148926,
                        1.0940418243408203,
                        -4.082421779632568
                    ],
                    [
                        0.49544090032577515,
                        3.5519185066223145,
                        0.971551775932312,
                        -4.021562099456787
                    ],
                    [
                        0.17972880601882935,
                        4.549099922180176,
                        0.3944108486175537,
                        -4.200645923614502
                    ],
                    [
                        -0.4072529375553131,
                        4.802576541900635,
                        0.2922661304473877,
                        -3.332714796066284
                    ],
                    [
                        -0.47337406873703003,
                        4.631080150604248,
                        0.29586178064346313,
                        -3.1692094802856445
                    ],
                    [
                        -0.4807949960231781,
                        5.164274215698242,
                        0.27036750316619873,
                        -4.852696895599365
                    ],
                    [
                        -0.7681419849395752,
                        5.3467817306518555,
                        0.2811897099018097,
                        -4.984797954559326
                    ],
                    [
                        -0.8486204147338867,
                        5.333576679229736,
                        0.04732207953929901,
                        -5.007941722869873
                    ],
                    [
                        -0.6036913394927979,
                        4.667518615722656,
                        -0.08096747100353241,
                        -5.179057598114014
                    ],
                    [
                        -0.5860706567764282,
                        4.7674784660339355,
                        -0.14335383474826813,
                        -5.1122822761535645
                    ],
                    [
                        -0.6348822116851807,
                        4.987302780151367,
                        -0.04579664766788483,
                        -5.288682460784912
                    ],
                    [
                        -0.6280874013900757,
                        4.559943199157715,
                        0.21619251370429993,
                        -5.102108955383301
                    ],
                    [
                        -0.558776319026947,
                        4.81230354309082,
                        0.2757185697555542,
                        -5.175456523895264
                    ],
                    [
                        -0.42331165075302124,
                        4.892409324645996,
                        0.21540798246860504,
                        -5.037874698638916
                    ],
                    [
                        -0.3572944402694702,
                        4.667507171630859,
                        0.29874753952026367,
                        -5.051065444946289
                    ],
                    [
                        -0.35415157675743103,
                        5.083731174468994,
                        0.25341272354125977,
                        -5.068409442901611
                    ],
                    [
                        -0.4864565432071686,
                        5.096135139465332,
                        0.35018324851989746,
                        -5.179983139038086
                    ],
                    [
                        -0.3474518656730652,
                        5.207154273986816,
                        0.21450479328632355,
                        -4.926341533660889
                    ],
                    [
                        -0.23019109666347504,
                        4.754461765289307,
                        0.404782772064209,
                        -5.10292387008667
                    ],
                    [
                        -0.2731384038925171,
                        4.716747760772705,
                        0.44580405950546265,
                        -5.080041885375977
                    ]
                ]
            ],
            "actions_pred": [
                [
                    [
                        0.4628426730632782,
                        0.49544090032577515,
                        0.17972880601882935,
                        -0.4072529375553131,
                        -0.47337406873703003,
                        -0.4807949960231781,
                        -0.7681419849395752,
                        -0.8486204147338867,
                        -0.6036913394927979,
                        -0.5860706567764282,
                        -0.6348822116851807,
                        -0.6280874013900757,
                        -0.558776319026947,
                        -0.42331165075302124,
                        -0.3572944402694702,
                        -0.35415157675743103,
                        -0.4864565432071686,
                        -0.3474518656730652,
                        -0.23019109666347504,
                        -0.2731384038925171
                    ],
                    [
                        4.534634590148926,
                        3.5519185066223145,
                        4.549099922180176,
                        4.802576541900635,
                        4.631080150604248,
                        5.164274215698242,
                        5.3467817306518555,
                        5.333576679229736,
                        4.667518615722656,
                        4.7674784660339355,
                        4.987302780151367,
                        4.559943199157715,
                        4.81230354309082,
                        4.892409324645996,
                        4.667507171630859,
                        5.083731174468994,
                        5.096135139465332,
                        5.207154273986816,
                        4.754461765289307,
                        4.716747760772705
                    ],
                    [
                        1.0940418243408203,
                        0.971551775932312,
                        0.3944108486175537,
                        0.2922661304473877,
                        0.29586178064346313,
                        0.27036750316619873,
                        0.2811897099018097,
                        0.04732207953929901,
                        -0.08096747100353241,
                        -0.14335383474826813,
                        -0.04579664766788483,
                        0.21619251370429993,
                        0.2757185697555542,
                        0.21540798246860504,
                        0.29874753952026367,
                        0.25341272354125977,
                        0.35018324851989746,
                        0.21450479328632355,
                        0.404782772064209,
                        0.44580405950546265
                    ],
                    [
                        -4.082421779632568,
                        -4.021562099456787,
                        -4.200645923614502,
                        -3.332714796066284,
                        -3.1692094802856445,
                        -4.852696895599365,
                        -4.984797954559326,
                        -5.007941722869873,
                        -5.179057598114014,
                        -5.1122822761535645,
                        -5.288682460784912,
                        -5.102108955383301,
                        -5.175456523895264,
                        -5.037874698638916,
                        -5.051065444946289,
                        -5.068409442901611,
                        -5.179983139038086,
                        -4.926341533660889,
                        -5.10292387008667,
                        -5.080041885375977
                    ]
                ]
            ],
            "states": [
                [
                    [
                        4019648.0,
                        3.81172176275868e-05,
                        0.00027542549651116133,
                        604074.25
                    ],
                    [
                        3591040.0,
                        3.7697544030379504e-05,
                        0.00025879128952510655,
                        645691.25
                    ],
                    [
                        4225264.0,
                        3.727625517058186e-05,
                        0.0002528103068470955,
                        514911.09375
                    ],
                    [
                        4439568.0,
                        3.6820012610405684e-05,
                        0.00020026147831231356,
                        552938.5
                    ],
                    [
                        5228728.0,
                        3.6324065149528906e-05,
                        0.00022364039614330977,
                        577892.375
                    ],
                    [
                        5965760.0,
                        3.5766250221058726e-05,
                        0.0002323320077266544,
                        503764.8125
                    ],
                    [
                        6114904.0,
                        3.518302401062101e-05,
                        0.00023472661268897355,
                        508360.15625
                    ],
                    [
                        5644304.0,
                        3.463315078988671e-05,
                        0.00024062122975010425,
                        571257.3125
                    ],
                    [
                        5870192.0,
                        3.411128273000941e-05,
                        0.0001874879380920902,
                        547187.9375
                    ],
                    [
                        5618240.0,
                        3.360593836987391e-05,
                        0.00025532711879350245,
                        590262.375
                    ],
                    [
                        6352376.0,
                        3.3095278922701254e-05,
                        0.0002452299522701651,
                        574275.5
                    ],
                    [
                        5702224.0,
                        3.259619916207157e-05,
                        0.00023082415282260627,
                        543057.75
                    ],
                    [
                        7646888.0,
                        3.206136170774698e-05,
                        0.00026125748991034925,
                        526472.875
                    ],
                    [
                        5964312.0,
                        3.153302532155067e-05,
                        0.00024003862927202135,
                        536332.125
                    ],
                    [
                        5580592.0,
                        3.109858516836539e-05,
                        0.00019315553072374314,
                        564225.875
                    ],
                    [
                        6007752.0,
                        3.0674520530737936e-05,
                        0.00022412248654291034,
                        547189.8125
                    ],
                    [
                        4469976.0,
                        3.0300650905701332e-05,
                        0.00023788119142409414,
                        655379.0
                    ],
                    [
                        3631584.0,
                        3.0017836252227426e-05,
                        0.0002484873402863741,
                        709152.875
                    ],
                    [
                        3940008.0,
                        2.9758366508758627e-05,
                        0.00025739934062585235,
                        659045.125
                    ],
                    [
                        3424520.0,
                        2.951018359453883e-05,
                        0.00019004895875696093,
                        668658.9375
                    ]
                ]
            ],
            "actions": [
                [
                    [
                        0.5
                    ],
                    [
                        0.5
                    ],
                    [
                        0.5
                    ],
                    [
                        0.5
                    ],
                    [
                        0.5
                    ],
                    [
                        0.5
                    ],
                    [
                        0.5
                    ],
                    [
                        0.5
                    ],
                    [
                        0.5
                    ],
                    [
                        0.5
                    ],
                    [
                        0.5
                    ],
                    [
                        0.5
                    ],
                    [
                        0.5
                    ],
                    [
                        0.5
                    ],
                    [
                        0.5
                    ],
                    [
                        0.5
                    ],
                    [
                        0.5
                    ],
                    [
                        0.5
                    ],
                    [
                        0.5
                    ],
                    [
                        0.5
                    ]
                ]
            ],
            "returns": [
                [
                    [
                        0.13405705988407135
                    ],
                    [
                        0.13314884901046753
                    ],
                    [
                        0.13225065171718597
                    ],
                    [
                        0.13133801519870758
                    ],
                    [
                        0.1304210126399994
                    ],
                    [
                        0.1294894963502884
                    ],
                    [
                        0.12854628264904022
                    ],
                    [
                        0.12760089337825775
                    ],
                    [
                        0.12666259706020355
                    ],
                    [
                        0.12572081387043
                    ],
                    [
                        0.12478292733430862
                    ],
                    [
                        0.12383415549993515
                    ],
                    [
                        0.12289495021104813
                    ],
                    [
                        0.12192973494529724
                    ],
                    [
                        0.12098655104637146
                    ],
                    [
                        0.12004926055669785
                    ],
                    [
                        0.11910542845726013
                    ],
                    [
                        0.118187814950943
                    ],
                    [
                        0.11728861182928085
                    ],
                    [
                        0.1163821816444397
                    ]
                ]
            ],
            "timesteps": [
                [
                    480,
                    481,
                    482,
                    483,
                    484,
                    485,
                    486,
                    487,
                    488,
                    489,
                    490,
                    491,
                    492,
                    493,
                    494,
                    495,
                    496,
                    497,
                    498,
                    499
                ]
            ],
            "labels": [
                [
                    1,
                    1,
                    1,
                    1,
                    1,
                    1,
                    1,
                    1,
                    1,
                    1,
                    1,
                    1,
                    1,
                    1,
                    1,
                    1,
                    1,
                    1,
                    1,
                    1
                ]
            ],
            "CPU Usage": 45.1,
            "RAM Usage": 55.0,
            "GPU Usage": 0.0,
            "VRAM Usage": 355.0,
            "Disk Read Speed (MB/s)": 206653.1826171875,
            "Disk Write Speed (MB/s)": 428047.3994140625
        },
        {
            "step": 1,
            "train_loss": 0.010228331200778484,
            "actions_pred1": [
                [
                    [
                        1.6913188695907593,
                        0.5813356637954712,
                        1.7790731191635132,
                        -4.462078094482422
                    ],
                    [
                        2.0437870025634766,
                        1.0699750185012817,
                        1.8380154371261597,
                        -4.612948894500732
                    ],
                    [
                        2.216261625289917,
                        2.2630183696746826,
                        1.722061276435852,
                        -4.74959135055542
                    ],
                    [
                        3.2033371925354004,
                        2.2178070545196533,
                        1.4388158321380615,
                        -4.817896842956543
                    ],
                    [
                        3.630620002746582,
                        1.3034801483154297,
                        1.5789008140563965,
                        -5.455770492553711
                    ],
                    [
                        3.854246139526367,
                        1.2537643909454346,
                        1.8857039213180542,
                        -5.970863342285156
                    ],
                    [
                        3.836263656616211,
                        1.468186616897583,
                        1.8487966060638428,
                        -6.16115665435791
                    ],
                    [
                        3.6988723278045654,
                        1.9798524379730225,
                        1.6911158561706543,
                        -6.297298431396484
                    ],
                    [
                        3.7294833660125732,
                        1.835979700088501,
                        1.4381115436553955,
                        -6.120567321777344
                    ],
                    [
                        4.197506427764893,
                        1.6999372243881226,
                        1.4734622240066528,
                        -6.037110328674316
                    ],
                    [
                        4.26912784576416,
                        1.7641377449035645,
                        1.629498839378357,
                        -6.503852367401123
                    ],
                    [
                        4.40622091293335,
                        1.731425166130066,
                        1.8498300313949585,
                        -6.487171649932861
                    ],
                    [
                        4.1645097732543945,
                        1.7881641387939453,
                        2.0398519039154053,
                        -6.388963222503662
                    ],
                    [
                        4.019641876220703,
                        1.8851608037948608,
                        2.126312255859375,
                        -6.391751289367676
                    ],
                    [
                        3.9540014266967773,
                        2.0721664428710938,
                        2.0769553184509277,
                        -6.3548736572265625
                    ],
                    [
                        3.9414315223693848,
                        1.9716469049453735,
                        2.0917325019836426,
                        -6.556866645812988
                    ],
                    [
                        3.8539113998413086,
                        1.9574775695800781,
                        2.1436944007873535,
                        -6.483778953552246
                    ],
                    [
                        3.7550253868103027,
                        1.8551437854766846,
                        1.9316723346710205,
                        -6.237574100494385
                    ],
                    [
                        3.9068233966827393,
                        1.5875775814056396,
                        1.9771798849105835,
                        -6.1584906578063965
                    ],
                    [
                        4.014484405517578,
                        1.781007170677185,
                        1.9578297138214111,
                        -6.316006660461426
                    ]
                ]
            ],
            "actions_pred": [
                [
                    [
                        1.6913188695907593,
                        2.0437870025634766,
                        2.216261625289917,
                        3.2033371925354004,
                        3.630620002746582,
                        3.854246139526367,
                        3.836263656616211,
                        3.6988723278045654,
                        3.7294833660125732,
                        4.197506427764893,
                        4.26912784576416,
                        4.40622091293335,
                        4.1645097732543945,
                        4.019641876220703,
                        3.9540014266967773,
                        3.9414315223693848,
                        3.8539113998413086,
                        3.7550253868103027,
                        3.9068233966827393,
                        4.014484405517578
                    ],
                    [
                        0.5813356637954712,
                        1.0699750185012817,
                        2.2630183696746826,
                        2.2178070545196533,
                        1.3034801483154297,
                        1.2537643909454346,
                        1.468186616897583,
                        1.9798524379730225,
                        1.835979700088501,
                        1.6999372243881226,
                        1.7641377449035645,
                        1.731425166130066,
                        1.7881641387939453,
                        1.8851608037948608,
                        2.0721664428710938,
                        1.9716469049453735,
                        1.9574775695800781,
                        1.8551437854766846,
                        1.5875775814056396,
                        1.781007170677185
                    ],
                    [
                        1.7790731191635132,
                        1.8380154371261597,
                        1.722061276435852,
                        1.4388158321380615,
                        1.5789008140563965,
                        1.8857039213180542,
                        1.8487966060638428,
                        1.6911158561706543,
                        1.4381115436553955,
                        1.4734622240066528,
                        1.629498839378357,
                        1.8498300313949585,
                        2.0398519039154053,
                        2.126312255859375,
                        2.0769553184509277,
                        2.0917325019836426,
                        2.1436944007873535,
                        1.9316723346710205,
                        1.9771798849105835,
                        1.9578297138214111
                    ],
                    [
                        -4.462078094482422,
                        -4.612948894500732,
                        -4.74959135055542,
                        -4.817896842956543,
                        -5.455770492553711,
                        -5.970863342285156,
                        -6.16115665435791,
                        -6.297298431396484,
                        -6.120567321777344,
                        -6.037110328674316,
                        -6.503852367401123,
                        -6.487171649932861,
                        -6.388963222503662,
                        -6.391751289367676,
                        -6.3548736572265625,
                        -6.556866645812988,
                        -6.483778953552246,
                        -6.237574100494385,
                        -6.1584906578063965,
                        -6.316006660461426
                    ]
                ]
            ],
            "states": [
                [
                    [
                        9174528.0,
                        1.5287421774701215e-05,
                        0.00015401413838844746,
                        462799.78125
                    ],
                    [
                        9721872.0,
                        1.4988291695772205e-05,
                        0.00014908269804436713,
                        471413.40625
                    ],
                    [
                        8650352.0,
                        1.4708337403135374e-05,
                        0.00013771618250757456,
                        476596.0
                    ],
                    [
                        9385704.0,
                        1.4443650798057206e-05,
                        0.000157010683324188,
                        448618.75
                    ],
                    [
                        9197696.0,
                        1.4180617654346861e-05,
                        0.00013674897491000593,
                        456343.53125
                    ],
                    [
                        9271544.0,
                        1.392852846038295e-05,
                        0.000155533998622559,
                        449987.3125
                    ],
                    [
                        8570712.0,
                        1.3693322216568049e-05,
                        0.00014997956168372184,
                        453578.0625
                    ],
                    [
                        9304848.0,
                        1.346561111859046e-05,
                        0.0001673756050877273,
                        435181.0625
                    ],
                    [
                        8921128.0,
                        1.3241030501376372e-05,
                        0.00015327449364122003,
                        460544.8125
                    ],
                    [
                        8646008.0,
                        1.303156568610575e-05,
                        0.00015547996736131608,
                        463163.09375
                    ],
                    [
                        8767640.0,
                        1.2830393643525895e-05,
                        0.00015675314352847636,
                        458172.0625
                    ],
                    [
                        8076944.0,
                        1.2641571629501414e-05,
                        0.00016837925068102777,
                        477030.90625
                    ],
                    [
                        8123280.0,
                        1.2465176951081958e-05,
                        0.00015461879957001656,
                        493767.40625
                    ],
                    [
                        8650352.0,
                        1.228769360750448e-05,
                        0.00016164440603461117,
                        451473.28125
                    ],
                    [
                        7982824.0,
                        1.211656035593478e-05,
                        0.00016790036170277745,
                        481186.15625
                    ],
                    [
                        7248688.0,
                        1.1963955330429599e-05,
                        0.00016397373110521585,
                        490311.46875
                    ],
                    [
                        7208144.0,
                        1.1822661690530367e-05,
                        0.00017705760546959937,
                        472943.71875
                    ],
                    [
                        7193664.0,
                        1.1685199751809705e-05,
                        0.000179134716745466,
                        469996.125
                    ],
                    [
                        6442152.0,
                        1.1557923244254198e-05,
                        0.00016420705651398748,
                        470480.40625
                    ],
                    [
                        6989496.0,
                        1.1435274245741311e-05,
                        0.00018320638628210872,
                        451753.78125
                    ]
                ]
            ],
            "actions": [
                [
                    [
                        0.25
                    ],
                    [
                        0.25
                    ],
                    [
                        0.25
                    ],
                    [
                        0.25
                    ],
                    [
                        0.25
                    ],
                    [
                        0.25
                    ],
                    [
                        0.25
                    ],
                    [
                        0.25
                    ],
                    [
                        0.25
                    ],
                    [
                        0.25
                    ],
                    [
                        0.25
                    ],
                    [
                        0.25
                    ],
                    [
                        0.25
                    ],
                    [
                        0.25
                    ],
                    [
                        0.25
                    ],
                    [
                        0.25
                    ],
                    [
                        0.25
                    ],
                    [
                        0.25
                    ],
                    [
                        0.25
                    ],
                    [
                        0.25
                    ]
                ]
            ],
            "returns": [
                [
                    [
                        0.2469175159931183
                    ],
                    [
                        0.24593615531921387
                    ],
                    [
                        0.24494965374469757
                    ],
                    [
                        0.2439734935760498
                    ],
                    [
                        0.24299012124538422
                    ],
                    [
                        0.2420085221529007
                    ],
                    [
                        0.24102622270584106
                    ],
                    [
                        0.24005089700222015
                    ],
                    [
                        0.23906828463077545
                    ],
                    [
                        0.2380893975496292
                    ],
                    [
                        0.23711329698562622
                    ],
                    [
                        0.23613594472408295
                    ],
                    [
                        0.23516587913036346
                    ],
                    [
                        0.2341953068971634
                    ],
                    [
                        0.23321916162967682
                    ],
                    [
                        0.2322501242160797
                    ],
                    [
                        0.23128965497016907
                    ],
                    [
                        0.23032966256141663
                    ],
                    [
                        0.2293698638677597
                    ],
                    [
                        0.22841985523700714
                    ]
                ]
            ],
            "timesteps": [
                [
                    360,
                    361,
                    362,
                    363,
                    364,
                    365,
                    366,
                    367,
                    368,
                    369,
                    370,
                    371,
                    372,
                    373,
                    374,
                    375,
                    376,
                    377,
                    378,
                    379
                ]
            ],
            "labels": [
                [
                    0,
                    0,
                    0,
                    0,
                    0,
                    0,
                    0,
                    0,
                    0,
                    0,
                    0,
                    0,
                    0,
                    0,
                    0,
                    0,
                    0,
                    0,
                    0,
                    0
                ]
            ],
            "CPU Usage": 46.7,
            "RAM Usage": 55.1,
            "GPU Usage": 0.0,
            "VRAM Usage": 355.0,
            "Disk Read Speed (MB/s)": 206653.1826171875,
            "Disk Write Speed (MB/s)": 428047.6337890625
        },
        {
            "step": 2,
            "train_loss": 0.019509125500917435,
            "actions_pred1": [
                [
                    [
                        -1.339921474456787,
                        3.493635892868042,
                        3.310671329498291,
                        -4.338067054748535
                    ],
                    [
                        -0.6979414224624634,
                        3.4886648654937744,
                        4.024181842803955,
                        -4.487414360046387
                    ],
                    [
                        -0.6294984817504883,
                        3.5290613174438477,
                        3.695178508758545,
                        -4.867243766784668
                    ],
                    [
                        -0.7321779131889343,
                        3.6958370208740234,
                        3.222853183746338,
                        -4.8886189460754395
                    ],
                    [
                        -0.7505024671554565,
                        4.19531774520874,
                        2.689537525177002,
                        -5.087219715118408
                    ],
                    [
                        -0.5898769497871399,
                        4.378114700317383,
                        2.7368054389953613,
                        -5.180165767669678
                    ],
                    [
                        -0.41364917159080505,
                        4.531223773956299,
                        2.666769504547119,
                        -5.175335884094238
                    ],
                    [
                        -0.4871968924999237,
                        4.245357036590576,
                        2.633573055267334,
                        -5.224911212921143
                    ],
                    [
                        -0.6010661721229553,
                        4.480278015136719,
                        2.6287946701049805,
                        -5.1525068283081055
                    ],
                    [
                        -0.7179303765296936,
                        4.456518650054932,
                        2.53348445892334,
                        -5.226868152618408
                    ],
                    [
                        -0.9031074643135071,
                        4.46234130859375,
                        2.8938674926757812,
                        -5.156248092651367
                    ],
                    [
                        -0.9313592314720154,
                        4.3764729499816895,
                        3.088895320892334,
                        -5.140841484069824
                    ],
                    [
                        -0.8231062889099121,
                        4.511670112609863,
                        3.2335524559020996,
                        -5.166878700256348
                    ],
                    [
                        -0.9303582906723022,
                        4.5465779304504395,
                        3.184521198272705,
                        -5.2805376052856445
                    ],
                    [
                        -0.8836010694503784,
                        4.596309185028076,
                        3.1665139198303223,
                        -5.1106791496276855
                    ],
                    [
                        -1.0482220649719238,
                        4.678742408752441,
                        3.059486150741577,
                        -5.008203983306885
                    ],
                    [
                        -1.0518301725387573,
                        4.76113224029541,
                        2.943448066711426,
                        -4.978522777557373
                    ],
                    [
                        -1.0086510181427002,
                        4.6168060302734375,
                        2.9350504875183105,
                        -5.054277420043945
                    ],
                    [
                        -0.870374321937561,
                        4.574824333190918,
                        2.930850028991699,
                        -5.159853935241699
                    ],
                    [
                        -0.8620408773422241,
                        4.6201372146606445,
                        2.88010311126709,
                        -5.1106953620910645
                    ]
                ]
            ],
            "actions_pred": [
                [
                    [
                        -1.339921474456787,
                        -0.6979414224624634,
                        -0.6294984817504883,
                        -0.7321779131889343,
                        -0.7505024671554565,
                        -0.5898769497871399,
                        -0.41364917159080505,
                        -0.4871968924999237,
                        -0.6010661721229553,
                        -0.7179303765296936,
                        -0.9031074643135071,
                        -0.9313592314720154,
                        -0.8231062889099121,
