{
    "steps": [
        {
            "step": 0,
            "train_loss": 0.02896764501929283,
            "actions_pred1": [
                [
                    [
                        0.48350822925567627,
                        0.401824951171875,
                        0.8771838545799255,
                        -0.9865846037864685
                    ],
                    [
                        0.4714047312736511,
                        0.5719509124755859,
                        0.8186530470848083,
                        -1.0189374685287476
                    ],
                    [
                        0.470080703496933,
                        0.7003268003463745,
                        0.7875924706459045,
                        -1.0052003860473633
                    ],
                    [
                        0.6371665596961975,
                        0.7579126358032227,
                        1.0252885818481445,
                        -1.0723145008087158
                    ],
                    [
                        0.58310467004776,
                        0.782562255859375,
                        1.0648529529571533,
                        -1.1555248498916626
                    ],
                    [
                        0.2787560820579529,
                        0.5580682158470154,
                        1.0275413990020752,
                        -1.1184576749801636
                    ],
                    [
                        0.22155269980430603,
                        0.5354803204536438,
                        0.9526633620262146,
                        -1.1833031177520752
                    ],
                    [
                        0.37508681416511536,
                        0.6212632060050964,
                        0.8930153250694275,
                        -1.129064917564392
                    ],
                    [
                        0.38379043340682983,
                        0.6285870671272278,
                        0.8439958095550537,
                        -1.2663350105285645
                    ],
                    [
                        0.37326088547706604,
                        0.6414682865142822,
                        0.8300215601921082,
                        -1.429915189743042
                    ],
                    [
                        0.4483640491962433,
                        0.5425661206245422,
                        0.7187935709953308,
                        -1.3876585960388184
                    ],
                    [
                        0.4026425778865814,
                        0.6375120878219604,
                        0.8836793899536133,
                        -1.4377470016479492
                    ],
                    [
                        0.4382323622703552,
                        0.6233243942260742,
                        0.9436836838722229,
                        -1.3584139347076416
                    ],
                    [
                        0.5059345960617065,
                        0.4990207552909851,
                        0.9351946115493774,
                        -1.5229438543319702
                    ],
                    [
                        0.5610305070877075,
                        0.5170143842697144,
                        0.8865146636962891,
                        -1.4961228370666504
                    ],
                    [
                        0.4606274962425232,
                        0.6098867654800415,
                        0.8022167086601257,
                        -1.571449637413025
                    ],
                    [
                        0.5287293195724487,
                        0.6516749858856201,
                        0.8680198192596436,
                        -1.417440414428711
                    ],
                    [
                        0.5199874043464661,
                        0.6775378584861755,
                        0.8933866024017334,
                        -1.447355031967163
                    ],
                    [
                        0.48999661207199097,
                        0.7044358253479004,
                        0.8912950754165649,
                        -1.5205472707748413
                    ],
                    [
                        0.4591638445854187,
                        0.719768762588501,
                        0.8784831166267395,
                        -1.512589693069458
                    ]
                ]
            ],
            "actions_pred": [
                [
                    [
                        0.48350822925567627,
                        0.4714047312736511,
                        0.470080703496933,
                        0.6371665596961975,
                        0.58310467004776,
                        0.2787560820579529,
                        0.22155269980430603,
                        0.37508681416511536,
                        0.38379043340682983,
                        0.37326088547706604,
                        0.4483640491962433,
                        0.4026425778865814,
                        0.4382323622703552,
                        0.5059345960617065,
                        0.5610305070877075,
                        0.4606274962425232,
                        0.5287293195724487,
                        0.5199874043464661,
                        0.48999661207199097,
                        0.4591638445854187
                    ],
                    [
                        0.401824951171875,
                        0.5719509124755859,
                        0.7003268003463745,
                        0.7579126358032227,
                        0.782562255859375,
                        0.5580682158470154,
                        0.5354803204536438,
                        0.6212632060050964,
                        0.6285870671272278,
                        0.6414682865142822,
                        0.5425661206245422,
                        0.6375120878219604,
                        0.6233243942260742,
                        0.4990207552909851,
                        0.5170143842697144,
                        0.6098867654800415,
                        0.6516749858856201,
                        0.6775378584861755,
                        0.7044358253479004,
                        0.719768762588501
                    ],
                    [
                        0.8771838545799255,
                        0.8186530470848083,
                        0.7875924706459045,
                        1.0252885818481445,
                        1.0648529529571533,
                        1.0275413990020752,
                        0.9526633620262146,
                        0.8930153250694275,
                        0.8439958095550537,
                        0.8300215601921082,
                        0.7187935709953308,
                        0.8836793899536133,
                        0.9436836838722229,
                        0.9351946115493774,
                        0.8865146636962891,
                        0.8022167086601257,
                        0.8680198192596436,
                        0.8933866024017334,
                        0.8912950754165649,
                        0.8784831166267395
                    ],
                    [
                        -0.9865846037864685,
                        -1.0189374685287476,
                        -1.0052003860473633,
                        -1.0723145008087158,
                        -1.1555248498916626,
                        -1.1184576749801636,
                        -1.1833031177520752,
                        -1.129064917564392,
                        -1.2663350105285645,
                        -1.429915189743042,
                        -1.3876585960388184,
                        -1.4377470016479492,
                        -1.3584139347076416,
                        -1.5229438543319702,
                        -1.4961228370666504,
                        -1.571449637413025,
                        -1.417440414428711,
                        -1.447355031967163,
                        -1.5205472707748413,
                        -1.512589693069458
                    ]
                ]
            ],
            "states": [
                [
                    [
                        5583488.0,
                        1.565206184750423e-05,
                        0.00026454709586687386,
                        777972.9375
                    ],
                    [
                        4978224.0,
                        1.5359531971625984e-05,
                        0.0002797465131152421,
                        855686.3125
                    ],
                    [
                        5334432.0,
                        1.5084374354046304e-05,
                        0.00027696648612618446,
                        816815.875
                    ],
                    [
                        5159224.0,
                        1.4814246242167428e-05,
                        0.0002747685939539224,
                        799861.375
                    ],
                    [
                        5513984.0,
                        1.4549360457749572e-05,
                        0.000255326071055606,
                        807912.1875
                    ],
                    [
                        5082480.0,
                        1.4295442269940395e-05,
                        0.0002729953557718545,
                        779605.9375
                    ],
                    [
                        5376424.0,
                        1.4053456652618479e-05,
                        0.00026464968686923385,
                        853596.25
                    ],
                    [
                        5073792.0,
                        1.3819644664181396e-05,
                        0.000260901142610237,
                        865763.5
                    ],
                    [
                        5425656.0,
                        1.3592515642812941e-05,
                        0.00026091569452546537,
                        896600.0
                    ],
                    [
                        5301128.0,
                        1.3368029613047838e-05,
                        0.00027603365015238523,
                        844597.4375
                    ],
                    [
                        5346016.0,
                        1.3152442988939583e-05,
                        0.0002529293124098331,
                        839011.5
                    ],
                    [
                        5652992.0,
                        1.2936916391481645e-05,
                        0.0002769185812212527,
                        874385.5625
                    ],
                    [
                        5185288.0,
                        1.2731260540022049e-05,
                        0.0002480096882209182,
                        820181.0625
                    ],
                    [
                        5438688.0,
                        1.2536010217445437e-05,
                        0.00027678909827955067,
                        838090.6875
                    ],
                    [
                        5221488.0,
                        1.2345956747594755e-05,
                        0.0002834639744833112,
                        979366.25
                    ],
                    [
                        5306920.0,
                        1.2163849532953463e-05,
                        0.00027035834500566125,
                        858373.0
                    ],
                    [
                        5419864.0,
                        1.1983782314928249e-05,
                        0.0002671718248166144,
                        825702.5
                    ],
                    [
                        5708016.0,
                        1.1802524568338413e-05,
                        0.00027032653451897204,
                        851358.6875
                    ],
                    [
                        5637064.0,
                        1.1623262253124267e-05,
                        0.0002656110445968807,
                        872734.375
                    ],
                    [
                        5471992.0,
                        1.1452919352450408e-05,
                        0.0002651966060511768,
                        865487.25
                    ]
                ]
            ],
            "actions": [
                [
                    [
                        0.75
                    ],
                    [
                        0.75
                    ],
                    [
                        0.75
                    ],
                    [
                        0.75
                    ],
                    [
                        0.75
                    ],
                    [
                        0.75
                    ],
                    [
                        0.75
                    ],
                    [
                        0.75
                    ],
                    [
                        0.75
                    ],
                    [
                        0.75
                    ],
                    [
                        0.75
                    ],
                    [
                        0.75
                    ],
                    [
                        0.75
                    ],
                    [
                        0.75
                    ],
                    [
                        0.75
                    ],
                    [
                        0.75
                    ],
                    [
                        0.75
                    ],
                    [
                        0.75
                    ],
                    [
                        0.75
                    ],
                    [
                        0.75
                    ]
                ]
            ],
            "returns": [
                [
                    [
                        0.5428837537765503
                    ],
                    [
                        0.5419464111328125
                    ],
                    [
                        0.5410192608833313
                    ],
                    [
                        0.5400859713554382
                    ],
                    [
                        0.5391556620597839
                    ],
                    [
                        0.5382193922996521
                    ],
                    [
                        0.5372903943061829
                    ],
                    [
                        0.5363564491271973
                    ],
                    [
                        0.5354275703430176
                    ],
                    [
                        0.5344927906990051
                    ],
                    [
                        0.533560037612915
                    ],
                    [
                        0.5326265692710876
                    ],
                    [
                        0.5316881537437439
                    ],
                    [
                        0.5307573676109314
                    ],
                    [
                        0.5298223495483398
                    ],
                    [
                        0.5288909673690796
                    ],
                    [
                        0.5279580950737
                    ],
                    [
                        0.527023434638977
                    ],
                    [
                        0.5260841250419617
                    ],
                    [
                        0.525145947933197
                    ]
                ]
            ],
            "timesteps": [
                [
                    40,
                    41,
                    42,
                    43,
                    44,
                    45,
                    46,
                    47,
                    48,
                    49,
                    50,
                    51,
                    52,
                    53,
                    54,
                    55,
                    56,
                    57,
                    58,
                    59
                ]
            ],
            "labels": [
                [
                    2,
                    2,
                    2,
                    2,
                    2,
                    2,
                    2,
                    2,
                    2,
                    2,
                    2,
                    2,
                    2,
                    2,
                    2,
                    2,
                    2,
                    2,
                    2,
                    2
                ]
            ],
            "CPU Usage": 45.2,
            "RAM Usage": 55.1,
            "GPU Usage": 0.0,
            "VRAM Usage": 355.0,
            "Disk Read Speed (MB/s)": 206398.0673828125,
            "Disk Write Speed (MB/s)": 380544.8486328125
        },
        {
            "step": 1,
            "train_loss": 0.039706334471702576,
            "actions_pred1": [
                [
                    [
                        0.8790349960327148,
                        0.8370096683502197,
                        1.0212342739105225,
                        -1.138142704963684
                    ],
                    [
                        0.8035290241241455,
                        0.7800973653793335,
                        0.7795137763023376,
                        -0.9304550290107727
                    ],
                    [
                        0.7897529602050781,
                        0.9064136743545532,
                        0.6719521284103394,
                        -0.9558970332145691
                    ],
                    [
                        0.7553969621658325,
                        0.8452111482620239,
                        0.677020788192749,
                        -1.0315895080566406
                    ],
                    [
                        0.7451777458190918,
                        0.7701936960220337,
                        0.6767833232879639,
                        -1.3637703657150269
                    ],
                    [
                        0.6808406114578247,
                        0.7493924498558044,
                        0.7182279825210571,
                        -1.3125637769699097
                    ],
                    [
                        0.6040762066841125,
                        0.6865068078041077,
                        0.7546142935752869,
                        -1.3704991340637207
                    ],
                    [
                        0.6089338064193726,
                        0.7307640314102173,
                        0.6979968547821045,
                        -1.4081066846847534
                    ],
                    [
                        0.6391040086746216,
                        0.788995623588562,
                        0.7521937489509583,
                        -1.5554687976837158
                    ],
                    [
                        0.5489041805267334,
                        0.9493777751922607,
                        0.6915349364280701,
                        -1.2843177318572998
                    ],
                    [
                        0.44934743642807007,
                        0.700276255607605,
                        0.70865797996521,
                        -1.2649171352386475
                    ],
                    [
                        0.482994019985199,
                        0.6248605251312256,
                        0.7431084513664246,
                        -1.379534363746643
                    ],
                    [
                        0.5579116344451904,
                        0.8024469614028931,
                        0.9943443536758423,
                        -1.3073632717132568
                    ],
                    [
                        0.5703160762786865,
                        0.766615629196167,
                        0.8639872074127197,
                        -1.2747505903244019
                    ],
                    [
                        0.48976364731788635,
                        0.7501533627510071,
                        0.8395035862922668,
                        -1.3547674417495728
                    ],
                    [
                        0.47234416007995605,
                        0.5309383869171143,
                        1.0380339622497559,
                        -1.2125098705291748
                    ],
                    [
                        0.4105265140533447,
                        0.5316208600997925,
                        1.0886549949645996,
                        -1.2945713996887207
                    ],
                    [
                        0.4979209303855896,
                        0.6918100118637085,
                        0.9052339196205139,
                        -1.2733880281448364
                    ],
                    [
                        0.544425904750824,
                        0.6695201396942139,
                        0.8641776442527771,
                        -1.3650519847869873
                    ],
                    [
                        0.524959146976471,
                        0.8051391839981079,
                        0.7957476377487183,
                        -1.3134623765945435
                    ]
                ]
            ],
            "actions_pred": [
                [
                    [
                        0.8790349960327148,
                        0.8035290241241455,
                        0.7897529602050781,
                        0.7553969621658325,
                        0.7451777458190918,
                        0.6808406114578247,
                        0.6040762066841125,
                        0.6089338064193726,
                        0.6391040086746216,
                        0.5489041805267334,
                        0.44934743642807007,
                        0.482994019985199,
                        0.5579116344451904,
                        0.5703160762786865,
                        0.48976364731788635,
                        0.47234416007995605,
                        0.4105265140533447,
                        0.4979209303855896,
                        0.544425904750824,
                        0.524959146976471
                    ],
                    [
                        0.8370096683502197,
                        0.7800973653793335,
                        0.9064136743545532,
                        0.8452111482620239,
                        0.7701936960220337,
                        0.7493924498558044,
                        0.6865068078041077,
                        0.7307640314102173,
                        0.788995623588562,
                        0.9493777751922607,
                        0.700276255607605,
                        0.6248605251312256,
                        0.8024469614028931,
                        0.766615629196167,
                        0.7501533627510071,
                        0.5309383869171143,
                        0.5316208600997925,
                        0.6918100118637085,
                        0.6695201396942139,
                        0.8051391839981079
                    ],
                    [
                        1.0212342739105225,
                        0.7795137763023376,
                        0.6719521284103394,
                        0.677020788192749,
                        0.6767833232879639,
                        0.7182279825210571,
                        0.7546142935752869,
                        0.6979968547821045,
                        0.7521937489509583,
                        0.6915349364280701,
                        0.70865797996521,
                        0.7431084513664246,
                        0.9943443536758423,
                        0.8639872074127197,
                        0.8395035862922668,
                        1.0380339622497559,
                        1.0886549949645996,
                        0.9052339196205139,
                        0.8641776442527771,
                        0.7957476377487183
                    ],
                    [
                        -1.138142704963684,
                        -0.9304550290107727,
                        -0.9558970332145691,
                        -1.0315895080566406,
                        -1.3637703657150269,
                        -1.3125637769699097,
                        -1.3704991340637207,
                        -1.4081066846847534,
                        -1.5554687976837158,
                        -1.2843177318572998,
                        -1.2649171352386475,
                        -1.379534363746643,
                        -1.3073632717132568,
                        -1.2747505903244019,
                        -1.3547674417495728,
                        -1.2125098705291748,
                        -1.2945713996887207,
                        -1.2733880281448364,
                        -1.3650519847869873,
                        -1.3134623765945435
                    ]
                ]
            ],
            "states": [
                [
                    [
                        195480.0,
                        0.00017859364743344486,
                        0.0014523763675242662,
                        455306.15625
                    ],
                    [
                        224440.0,
                        0.00017706550715956837,
                        0.0012122188927605748,
                        199210.375
                    ],
                    [
                        260640.0,
                        0.00017533254867885262,
                        0.0010567386634647846,
                        291813.4375
                    ],
                    [
                        231680.0,
                        0.00017360733181703836,
                        0.0010331012308597565,
                        619352.5625
                    ],
                    [
                        201272.0,
                        0.00017211795784533024,
                        0.0008577806875109673,
                        757621.5
                    ],
                    [
                        233128.0,
                        0.0001706496550468728,
                        0.002856994280591607,
                        402371.75
                    ],
                    [
                        238920.0,
                        0.00016908197721932083,
                        0.005327177233994007,
                        418626.09375
                    ],
                    [
                        185344.0,
                        0.00016769685316830873,
                        0.006734849885106087,
                        490648.125
                    ],
                    [
                        205616.0,
                        0.000166440979228355,
                        0.008968048729002476,
                        304516.78125
                    ],
                    [
                        195480.0,
                        0.00016517171752639115,
                        0.00019177634385414422,
                        553446.625
                    ],
                    [
                        202720.0,
                        0.00016393074474763125,
                        0.0001491233124397695,
                        853423.1875
                    ],
                    [
                        209960.0,
                        0.00016266417514998466,
                        0.0002625611668918282,
                        298799.9375
                    ],
                    [
                        209960.0,
                        0.0001613952626939863,
                        0.0004885925445705652,
                        376011.875
                    ],
                    [
                        144800.0,
                        0.00016033815336413682,
                        0.0010367168579250574,
                        94745.609375
                    ],
                    [
                        246160.0,
                        0.00015919026918709278,
                        0.0028569940477609634,
                        223245.734375
                    ],
                    [
                        253400.0,
                        0.000157746413606219,
                        0.005327177233994007,
                        267948.78125
                    ],
                    [
                        296840.0,
                        0.00015618640463799238,
                        0.006734849885106087,
                        291045.46875
                    ],
                    [
                        340280.0,
                        0.0001544181868666783,
                        0.008968048729002476,
                        376205.125
                    ],
                    [
                        405440.0,
                        0.0001523990067653358,
                        0.010990988463163376,
                        467932.84375
                    ],
                    [
                        463360.0,
                        0.0001501120423199609,
                        0.011323424987494946,
                        301846.5
                    ]
                ]
            ],
            "actions": [
                [
                    [
                        0.25
                    ],
                    [
                        0.25
                    ],
                    [
                        0.25
                    ],
                    [
                        0.25
                    ],
                    [
                        0.25
                    ],
                    [
                        0.25
                    ],
                    [
                        0.25
                    ],
                    [
                        0.25
                    ],
                    [
                        0.25
                    ],
                    [
                        0.25
                    ],
                    [
                        0.25
                    ],
                    [
                        0.25
                    ],
                    [
                        0.25
                    ],
                    [
                        0.25
                    ],
                    [
                        0.25
                    ],
                    [
                        0.25
                    ],
                    [
                        0.25
                    ],
                    [
                        0.25
                    ],
                    [
                        0.25
                    ],
                    [
                        0.25
                    ]
                ]
            ],
            "returns": [
                [
                    [
                        0.0820998102426529
                    ],
                    [
                        0.0814596638083458
                    ],
                    [
                        0.08080726861953735
                    ],
                    [
                        0.08014161884784698
                    ],
                    [
                        0.0794864147901535
                    ],
                    [
                        0.07884368300437927
                    ],
                    [
                        0.07818792015314102
                    ],
                    [
                        0.07752998173236847
                    ],
                    [
                        0.07689455896615982
                    ],
                    [
                        0.07624993473291397
                    ],
                    [
                        0.07560978829860687
                    ],
                    [
                        0.0749664157629013
                    ],
                    [
                        0.07431993633508682
                    ],
                    [
                        0.07367345690727234
                    ],
                    [
                        0.07305991649627686
                    ],
                    [
                        0.0723993331193924
                    ],
                    [
                        0.07173618674278259
                    ],
                    [
                        0.07105900347232819
                    ],
                    [
                        0.07036971300840378
                    ],
                    [
                        0.06966488808393478
                    ]
                ]
            ],
            "timesteps": [
                [
                    540,
                    541,
                    542,
                    543,
                    544,
                    545,
                    546,
                    547,
                    548,
                    549,
                    550,
                    551,
                    552,
                    553,
                    554,
                    555,
                    556,
                    557,
                    558,
                    559
                ]
            ],
            "labels": [
                [
                    0,
                    0,
                    0,
                    0,
                    0,
                    0,
                    0,
                    0,
                    0,
                    0,
                    0,
                    0,
                    0,
                    0,
                    0,
                    0,
                    0,
                    0,
                    0,
                    0
                ]
            ],
            "CPU Usage": 46.7,
            "RAM Usage": 55.3,
            "GPU Usage": 0.0,
            "VRAM Usage": 356.0,
            "Disk Read Speed (MB/s)": 206398.0673828125,
            "Disk Write Speed (MB/s)": 380544.8955078125
        },
        {
            "step": 2,
            "train_loss": 0.041741933673620224,
            "actions_pred1": [
                [
                    [
                        0.27826157212257385,
                        0.2689385414123535,
                        0.7966460585594177,
                        -0.8639127612113953
                    ],
                    [
                        0.20359385013580322,
                        0.40733933448791504,
                        0.8505023717880249,
                        -0.9380731582641602
                    ],
                    [
                        0.15661123394966125,
                        0.49242398142814636,
                        0.7521544694900513,
                        -0.9224824905395508
                    ],
                    [
                        0.411579966545105,
                        0.4889935553073883,
                        0.6924843788146973,
                        -0.892643928527832
                    ],
                    [
                        0.43648284673690796,
                        0.5276280641555786,
                        0.7575827240943909,
                        -1.0908026695251465
                    ],
                    [
                        0.6276717782020569,
                        0.6513221263885498,
                        0.7581681609153748,
                        -1.2548762559890747
                    ],
                    [
                        0.6412796974182129,
                        0.7309188842773438,
                        0.7866939902305603,
                        -1.2303252220153809
                    ],
                    [
                        0.5151771903038025,
                        0.939120352268219,
                        0.7946882843971252,
                        -1.2675700187683105
                    ],
                    [
                        0.4744125008583069,
                        0.7778756618499756,
                        0.850022554397583,
                        -1.1000500917434692
                    ],
                    [
                        0.43588700890541077,
                        0.8857100605964661,
                        0.708014965057373,
                        -1.10840904712677
                    ],
                    [
                        0.458183228969574,
                        0.9098596572875977,
                        0.6491740942001343,
                        -1.2283453941345215
                    ],
                    [
                        0.558625340461731,
                        0.7939090728759766,
                        0.6574928760528564,
                        -1.2193231582641602
                    ],
                    [
                        0.4980444014072418,
                        0.797284722328186,
                        0.782926619052887,
                        -1.2358856201171875
                    ],
                    [
                        0.638286292552948,
                        0.8983442783355713,
                        0.7998570203781128,
                        -1.2099997997283936
                    ],
                    [
                        0.6061441898345947,
                        0.848979115486145,
                        0.7212430834770203,
                        -1.1514837741851807
                    ],
                    [
                        0.6304633617401123,
                        0.8296964168548584,
                        0.751950204372406,
                        -1.1980466842651367
                    ],
                    [
                        0.5632363557815552,
                        0.7851779460906982,
                        0.740111768245697,
                        -1.1749669313430786
                    ],
                    [
                        0.3714590072631836,
                        0.735740065574646,
                        0.589514970779419,
                        -1.171173095703125
                    ],
                    [
                        0.4722731113433838,
                        0.7086375951766968,
                        0.6692048907279968,
                        -1.0790975093841553
                    ],
                    [
                        0.5212315917015076,
                        0.8894384503364563,
                        0.684062659740448,
                        -1.1569029092788696
                    ]
                ]
            ],
            "actions_pred": [
                [
                    [
                        0.27826157212257385,
                        0.20359385013580322,
                        0.15661123394966125,
                        0.411579966545105,
                        0.43648284673690796,
                        0.6276717782020569,
                        0.6412796974182129,
                        0.5151771903038025,
                        0.4744125008583069,
                        0.43588700890541077,
                        0.458183228969574,
                        0.558625340461731,
                        0.4980444014072418,
