{
    "steps": [
        {
            "step": 0,
            "train_loss": 0.02333926595747471,
            "actions_pred1": [
                [
                    [
                        1.4902362823486328,
                        0.5413888692855835,
                        1.9993373155593872,
                        -5.312444686889648
                    ],
                    [
                        1.5951299667358398,
                        0.8295459747314453,
                        3.116246223449707,
                        -6.03196382522583
                    ],
                    [
                        1.7156836986541748,
                        0.6894468665122986,
                        2.177755355834961,
                        -6.5447587966918945
                    ],
                    [
                        1.9411338567733765,
                        1.1325987577438354,
                        1.5587047338485718,
                        -6.955531597137451
                    ],
                    [
                        1.9149121046066284,
                        1.036447286605835,
                        1.657606601715088,
                        -7.18052864074707
                    ],
                    [
                        1.818877100944519,
                        1.0017390251159668,
                        1.6808372735977173,
                        -7.628983974456787
                    ],
                    [
                        1.8250634670257568,
                        0.9876953363418579,
                        1.6670509576797485,
                        -7.840378761291504
                    ],
                    [
                        1.876215934753418,
                        1.023425579071045,
                        1.7746469974517822,
                        -8.091952323913574
                    ],
                    [
                        1.989302158355713,
                        1.0313360691070557,
                        1.9102109670639038,
                        -8.296961784362793
                    ],
                    [
                        2.382863759994507,
                        0.9913897514343262,
                        1.738568902015686,
                        -8.462681770324707
                    ],
                    [
                        2.596436023712158,
                        0.919173002243042,
                        1.7701033353805542,
                        -8.488763809204102
                    ],
                    [
                        2.3456692695617676,
                        0.9978291392326355,
                        1.996632695198059,
                        -8.928298950195312
                    ],
                    [
                        2.364365816116333,
                        1.0130339860916138,
                        2.0426671504974365,
                        -8.841341018676758
                    ],
                    [
                        2.5373785495758057,
                        0.9379439949989319,
                        2.037980079650879,
                        -8.883590698242188
                    ],
                    [
                        2.7976794242858887,
                        1.1113669872283936,
                        2.2864251136779785,
                        -8.840188980102539
                    ],
                    [
                        2.90252685546875,
                        1.2023742198944092,
                        2.076263189315796,
                        -8.698258399963379
                    ],
                    [
                        2.7801976203918457,
                        0.8251724243164062,
                        2.000332832336426,
                        -8.764806747436523
                    ],
                    [
                        2.783573865890503,
                        0.9208465218544006,
                        2.0536510944366455,
                        -8.911646842956543
                    ],
                    [
                        2.8316030502319336,
                        1.1009106636047363,
                        2.1622560024261475,
                        -8.818912506103516
                    ],
                    [
                        2.954989433288574,
                        1.0848530530929565,
                        2.2343029975891113,
                        -9.059210777282715
                    ]
                ]
            ],
            "actions_pred": [
                [
                    [
                        1.4902362823486328,
                        1.5951299667358398,
                        1.7156836986541748,
                        1.9411338567733765,
                        1.9149121046066284,
                        1.818877100944519,
                        1.8250634670257568,
                        1.876215934753418,
                        1.989302158355713,
                        2.382863759994507,
                        2.596436023712158,
                        2.3456692695617676,
                        2.364365816116333,
                        2.5373785495758057,
                        2.7976794242858887,
                        2.90252685546875,
                        2.7801976203918457,
                        2.783573865890503,
                        2.8316030502319336,
                        2.954989433288574
                    ],
                    [
                        0.5413888692855835,
                        0.8295459747314453,
                        0.6894468665122986,
                        1.1325987577438354,
                        1.036447286605835,
                        1.0017390251159668,
                        0.9876953363418579,
                        1.023425579071045,
                        1.0313360691070557,
                        0.9913897514343262,
                        0.919173002243042,
                        0.9978291392326355,
                        1.0130339860916138,
                        0.9379439949989319,
                        1.1113669872283936,
                        1.2023742198944092,
                        0.8251724243164062,
                        0.9208465218544006,
                        1.1009106636047363,
                        1.0848530530929565
                    ],
                    [
                        1.9993373155593872,
                        3.116246223449707,
                        2.177755355834961,
                        1.5587047338485718,
                        1.657606601715088,
                        1.6808372735977173,
                        1.6670509576797485,
                        1.7746469974517822,
                        1.9102109670639038,
                        1.738568902015686,
                        1.7701033353805542,
                        1.996632695198059,
                        2.0426671504974365,
                        2.037980079650879,
                        2.2864251136779785,
                        2.076263189315796,
                        2.000332832336426,
                        2.0536510944366455,
                        2.1622560024261475,
                        2.2343029975891113
                    ],
                    [
                        -5.312444686889648,
                        -6.03196382522583,
                        -6.5447587966918945,
                        -6.955531597137451,
                        -7.18052864074707,
                        -7.628983974456787,
                        -7.840378761291504,
                        -8.091952323913574,
                        -8.296961784362793,
                        -8.462681770324707,
                        -8.488763809204102,
                        -8.928298950195312,
                        -8.841341018676758,
                        -8.883590698242188,
                        -8.840188980102539,
                        -8.698258399963379,
                        -8.764806747436523,
                        -8.911646842956543,
                        -8.818912506103516,
                        -9.059210777282715
                    ]
                ]
            ],
            "states": [
                [
                    [
                        5346016.0,
                        3.834013477899134e-05,
                        0.0014523763675242662,
                        508420.875
                    ],
                    [
                        5408280.0,
                        3.6602417821995914e-05,
                        0.0012122188927605748,
                        493151.53125
                    ],
                    [
                        5290992.0,
                        3.502258914522827e-05,
                        0.0010567386634647846,
                        527754.375
                    ],
                    [
                        4871072.0,
                        3.364306758157909e-05,
                        0.0010331012308597565,
                        499436.125
                    ],
                    [
                        5112888.0,
                        3.239049328840338e-05,
                        0.0008577806875109673,
                        510007.28125
                    ],
                    [
                        5560320.0,
                        3.1150953873293474e-05,
                        0.009355437941849232,
                        487248.6875
                    ],
                    [
                        5574800.0,
                        1.764485568855889e-05,
                        0.005326922982931137,
                        503265.46875
                    ],
                    [
                        5363392.0,
                        1.8441511201672256e-05,
                        0.00705355079844594,
                        500775.59375
                    ],
                    [
                        5134608.0,
                        2.999954449478537e-05,
                        0.003215600736439228,
                        494512.125
                    ],
                    [
                        5509640.0,
                        1.6405823771492578e-05,
                        0.005743528250604868,
                        466303.4375
                    ],
                    [
                        5509640.0,
                        1.6405823771492578e-05,
                        0.005743528250604868,
                        466303.4375
                    ],
                    [
                        5069448.0,
                        2.8978191039641388e-05,
                        0.0006789364852011204,
                        506032.28125
                    ],
                    [
                        5574800.0,
                        1.764485568855889e-05,
                        0.005326922982931137,
                        503265.46875
                    ],
                    [
                        1811448.0,
                        2.832559766829945e-05,
                        0.006547329016029835,
                        511753.5625
                    ],
                    [
                        5228728.0,
                        2.7692145522451028e-05,
                        0.00019177634385414422,
                        489897.5625
                    ],
                    [
                        5105648.0,
                        2.680875695659779e-05,
                        0.0001491233124397695,
                        484135.40625
                    ],
                    [
                        5137504.0,
                        2.59872085734969e-05,
                        0.0002625611668918282,
                        463221.75
                    ],
                    [
                        5053520.0,
                        2.521825081203133e-05,
                        0.0004885925445705652,
                        468607.3125
                    ],
                    [
                        4761024.0,
                        2.4519293219782412e-05,
                        0.0010367168579250574,
                        491127.34375
                    ],
                    [
                        4991256.0,
                        2.386243431828916e-05,
                        0.0028569940477609634,
                        492679.28125
                    ]
                ]
            ],
            "actions": [
                [
                    [
                        0.25
                    ],
                    [
                        0.25
                    ],
                    [
                        0.25
                    ],
                    [
                        0.25
                    ],
                    [
                        0.25
                    ],
                    [
                        0.25
                    ],
                    [
                        0.25
                    ],
                    [
                        0.25
                    ],
                    [
                        0.25
                    ],
                    [
                        0.25
                    ],
                    [
                        0.25
                    ],
                    [
                        0.25
                    ],
                    [
                        0.25
                    ],
                    [
                        0.25
                    ],
                    [
                        0.25
                    ],
                    [
                        0.25
                    ],
                    [
                        0.25
                    ],
                    [
                        0.25
                    ],
                    [
                        0.25
                    ],
                    [
                        0.25
                    ]
                ]
            ],
            "returns": [
                [
                    [
                        0.03608226776123047
                    ],
                    [
                        0.03514878451824188
                    ],
                    [
                        0.03421427682042122
                    ],
                    [
                        0.033281709998846054
                    ],
                    [
                        0.03235647454857826
                    ],
                    [
                        0.031426943838596344
                    ],
                    [
                        0.030489977449178696
                    ],
                    [
                        0.029552778229117393
                    ],
                    [
                        0.028619008138775826
                    ],
                    [
                        0.027689101174473763
                    ],
                    [
                        0.02675294503569603
                    ],
                    [
                        0.025816788896918297
                    ],
                    [
                        0.024888014420866966
                    ],
                    [
                        0.023950817063450813
                    ],
                    [
                        0.023113280534744263
                    ],
                    [
                        0.022181764245033264
                    ],
                    [
                        0.021252360194921494
                    ],
                    [
                        0.02032240480184555
                    ],
                    [
                        0.019393909722566605
                    ],
                    [
                        0.018470700830221176
                    ]
                ]
            ],
            "timesteps": [
                [
                    600,
                    601,
                    602,
                    603,
                    604,
                    605,
                    606,
                    607,
                    608,
                    609,
                    610,
                    611,
                    612,
                    613,
                    614,
                    615,
                    616,
                    617,
                    618,
                    619
                ]
            ],
            "labels": [
                [
                    0,
                    0,
                    0,
                    0,
                    0,
                    0,
                    0,
                    0,
                    0,
                    0,
                    0,
                    0,
                    0,
                    0,
                    0,
                    0,
                    0,
                    0,
                    0,
                    0
                ]
            ],
            "CPU Usage": 45.8,
            "RAM Usage": 55.1,
            "GPU Usage": 0.0,
            "VRAM Usage": 355.0,
            "Disk Read Speed (MB/s)": 206646.8818359375,
            "Disk Write Speed (MB/s)": 421737.7626953125
        },
        {
            "step": 1,
            "train_loss": 0.029090765863656998,
            "actions_pred1": [
                [
                    [
                        1.7337664365768433,
                        2.0866682529449463,
                        1.7249550819396973,
                        -4.744855880737305
                    ],
                    [
                        1.8261780738830566,
                        2.5535531044006348,
                        1.4903013706207275,
                        -4.471047878265381
                    ],
                    [
                        1.970554232597351,
                        2.5495057106018066,
                        1.6165262460708618,
                        -5.145058631896973
                    ],
                    [
                        2.0073018074035645,
                        2.0801398754119873,
                        1.752942442893982,
                        -5.316141128540039
                    ],
                    [
                        1.9770705699920654,
                        2.1413445472717285,
                        2.1381163597106934,
                        -5.783730983734131
                    ],
                    [
                        1.6956602334976196,
                        2.3894500732421875,
                        1.9066277742385864,
                        -6.054499626159668
                    ],
                    [
                        1.806329369544983,
                        2.5689022541046143,
                        1.772770643234253,
                        -6.268347263336182
                    ],
                    [
                        2.0752158164978027,
                        2.3796074390411377,
                        1.5586153268814087,
                        -6.2948689460754395
                    ],
                    [
                        2.3111963272094727,
                        2.230645179748535,
                        1.5797183513641357,
                        -6.449689865112305
                    ],
                    [
                        2.1095077991485596,
                        2.0902631282806396,
                        1.3844550848007202,
                        -6.403261184692383
                    ],
                    [
                        2.3586387634277344,
                        2.2472589015960693,
                        1.41646146774292,
                        -6.469211578369141
                    ],
                    [
                        2.5644187927246094,
                        2.18101167678833,
                        1.4538606405258179,
                        -6.499086380004883
                    ],
                    [
                        2.60185170173645,
                        2.326934814453125,
                        1.6984503269195557,
                        -6.93654727935791
                    ],
                    [
                        2.4711923599243164,
                        2.727694272994995,
                        1.7796906232833862,
                        -7.210653781890869
                    ],
                    [
                        2.5271432399749756,
                        2.5055737495422363,
                        2.030742883682251,
                        -6.952151775360107
                    ],
                    [
                        2.4438364505767822,
                        2.4502100944519043,
                        1.9896665811538696,
                        -7.049522876739502
                    ],
                    [
                        2.4394803047180176,
                        2.411031723022461,
                        2.0538926124572754,
                        -7.065305233001709
                    ],
                    [
                        2.4897217750549316,
                        2.3461310863494873,
                        2.1688451766967773,
                        -7.02224588394165
                    ],
                    [
                        2.738755226135254,
                        2.3693294525146484,
                        2.2538883686065674,
                        -6.875746726989746
                    ],
                    [
                        2.6656689643859863,
                        2.1514835357666016,
                        2.1814985275268555,
                        -6.984683513641357
                    ]
                ]
            ],
            "actions_pred": [
                [
                    [
                        1.7337664365768433,
                        1.8261780738830566,
                        1.970554232597351,
                        2.0073018074035645,
                        1.9770705699920654,
                        1.6956602334976196,
                        1.806329369544983,
                        2.0752158164978027,
                        2.3111963272094727,
                        2.1095077991485596,
                        2.3586387634277344,
                        2.5644187927246094,
                        2.60185170173645,
                        2.4711923599243164,
                        2.5271432399749756,
                        2.4438364505767822,
                        2.4394803047180176,
                        2.4897217750549316,
                        2.738755226135254,
                        2.6656689643859863
                    ],
                    [
                        2.0866682529449463,
                        2.5535531044006348,
                        2.5495057106018066,
                        2.0801398754119873,
                        2.1413445472717285,
                        2.3894500732421875,
                        2.5689022541046143,
                        2.3796074390411377,
                        2.230645179748535,
                        2.0902631282806396,
                        2.2472589015960693,
                        2.18101167678833,
                        2.326934814453125,
                        2.727694272994995,
                        2.5055737495422363,
                        2.4502100944519043,
                        2.411031723022461,
                        2.3461310863494873,
                        2.3693294525146484,
                        2.1514835357666016
                    ],
                    [
                        1.7249550819396973,
                        1.4903013706207275,
                        1.6165262460708618,
                        1.752942442893982,
                        2.1381163597106934,
                        1.9066277742385864,
                        1.772770643234253,
                        1.5586153268814087,
                        1.5797183513641357,
                        1.3844550848007202,
                        1.41646146774292,
                        1.4538606405258179,
                        1.6984503269195557,
                        1.7796906232833862,
                        2.030742883682251,
                        1.9896665811538696,
                        2.0538926124572754,
                        2.1688451766967773,
                        2.2538883686065674,
                        2.1814985275268555
                    ],
                    [
                        -4.744855880737305,
                        -4.471047878265381,
                        -5.145058631896973,
                        -5.316141128540039,
                        -5.783730983734131,
                        -6.054499626159668,
                        -6.268347263336182,
                        -6.2948689460754395,
                        -6.449689865112305,
                        -6.403261184692383,
                        -6.469211578369141,
                        -6.499086380004883,
                        -6.93654727935791,
                        -7.210653781890869,
                        -6.952151775360107,
                        -7.049522876739502,
                        -7.065305233001709,
                        -7.02224588394165,
                        -6.875746726989746,
                        -6.984683513641357
                    ]
                ]
            ],
            "states": [
                [
                    [
                        3453480.0,
                        1.1675143468892202e-05,
                        0.00029440681100822985,
                        672821.0625
                    ],
                    [
                        4107976.0,
                        1.1557735888345633e-05,
                        0.00028164629475213587,
                        683579.125
                    ],
                    [
                        4089152.0,
                        1.1433058716647793e-05,
                        0.00027785348356701434,
                        696568.625
                    ],
                    [
                        3556288.0,
                        1.131914814322954e-05,
                        0.00038381022750400007,
                        634586.1875
                    ],
                    [
                        2583232.0,
                        1.1229288247704972e-05,
                        0.0002961547579616308,
                        661987.4375
                    ],
                    [
                        1912808.0,
                        1.1164392162754666e-05,
                        0.00029962105327285826,
                        693806.25
                    ],
                    [
                        2088016.0,
                        1.1107291356893256e-05,
                        0.00029777659801766276,
                        580816.75
                    ],
                    [
                        2896000.0,
                        1.103698832594091e-05,
                        0.0002728095860220492,
                        525629.9375
                    ],
                    [
                        2564408.0,
                        1.0960944564430974e-05,
                        0.0002930021146312356,
                        619511.5625
                    ],
                    [
                        3921184.0,
                        1.087203600036446e-05,
                        0.0005929499748162925,
                        538834.625
                    ],
                    [
                        2794640.0,
                        1.0781384844449349e-05,
                        0.00017766767996363342,
                        677916.4375
                    ],
                    [
                        4726272.0,
                        1.0681769708753563e-05,
                        0.00018339134112466127,
                        599563.375
                    ],
                    [
                        4927544.0,
                        1.0556481356616132e-05,
                        0.00019205290300305933,
                        583179.3125
                    ],
                    [
                        5944040.0,
                        1.0418904821563046e-05,
                        0.0002024973655352369,
                        603427.0
                    ],
                    [
                        5063656.0,
                        1.0283110896125436e-05,
                        0.0002613598189782351,
                        607061.125
                    ],
                    [
                        5221488.0,
                        1.015944144455716e-05,
                        0.00023075626813806593,
                        620602.0625
                    ],
                    [
                        3421624.0,
                        1.0057716281153262e-05,
                        0.00032322804327122867,
                        608652.25
                    ],
                    [
                        3476648.0,
                        9.978034540836234e-06,
                        0.0002578554267529398,
                        617310.8125
                    ],
                    [
                        3407144.0,
                        9.899765245791059e-06,
                        0.00022438736050389707,
                        706043.875
                    ],
                    [
                        3938560.0,
                        9.817606041906402e-06,
                        0.00038321700412780046,
                        631372.625
                    ]
                ]
            ],
            "actions": [
                [
                    [
                        0.5
                    ],
                    [
                        0.5
                    ],
                    [
                        0.5
                    ],
                    [
                        0.5
                    ],
                    [
                        0.5
                    ],
                    [
                        0.5
                    ],
                    [
                        0.5
                    ],
                    [
                        0.5
                    ],
                    [
                        0.5
                    ],
                    [
                        0.5
                    ],
                    [
                        0.5
                    ],
                    [
                        0.5
                    ],
                    [
                        0.5
                    ],
                    [
                        0.5
                    ],
                    [
                        0.5
                    ],
                    [
                        0.5
                    ],
                    [
                        0.5
                    ],
                    [
                        0.5
                    ],
                    [
                        0.5
                    ],
                    [
                        0.5
                    ]
                ]
            ],
            "returns": [
                [
                    [
                        0.41369158029556274
                    ],
                    [
                        0.41279682517051697
                    ],
                    [
                        0.41188669204711914
                    ],
                    [
                        0.41097697615623474
                    ],
                    [
                        0.41007962822914124
                    ],
                    [
                        0.4092106521129608
                    ],
                    [
                        0.4083682894706726
                    ],
                    [
                        0.4075181484222412
                    ],
                    [
                        0.4066390097141266
                    ],
                    [
                        0.4057706594467163
                    ],
                    [
                        0.40486466884613037
                    ],
                    [
                        0.40398868918418884
                    ],
                    [
                        0.40306612849235535
                    ],
                    [
                        0.4021398723125458
                    ],
                    [
                        0.40119698643684387
                    ],
                    [
                        0.4002683162689209
                    ],
                    [
                        0.39933690428733826
                    ],
                    [
                        0.39844298362731934
                    ],
                    [
                        0.3975476622581482
                    ],
                    [
                        0.3966540992259979
                    ]
                ]
            ],
            "timesteps": [
                [
                    180,
                    181,
                    182,
                    183,
                    184,
                    185,
                    186,
                    187,
                    188,
                    189,
                    190,
                    191,
                    192,
                    193,
                    194,
                    195,
                    196,
                    197,
                    198,
                    199
                ]
            ],
            "labels": [
                [
                    1,
                    1,
                    1,
                    1,
                    1,
                    1,
                    1,
                    1,
                    1,
                    1,
                    1,
                    1,
                    1,
                    1,
                    1,
                    1,
                    1,
                    1,
                    1,
                    1
                ]
            ],
            "CPU Usage": 46.7,
            "RAM Usage": 55.1,
            "GPU Usage": 0.0,
            "VRAM Usage": 355.0,
            "Disk Read Speed (MB/s)": 206646.8818359375,
            "Disk Write Speed (MB/s)": 421737.9111328125
        },
        {
            "step": 2,
            "train_loss": 0.03726107254624367,
            "actions_pred1": [
                [
                    [
                        1.6351783275604248,
                        1.0108987092971802,
                        1.5961757898330688,
                        -4.249958038330078
                    ],
                    [
                        1.6718366146087646,
                        1.2101765871047974,
                        1.5397895574569702,
                        -4.1313581466674805
                    ],
                    [
                        1.545725703239441,
                        1.177987813949585,
                        1.3531619310379028,
                        -4.067234992980957
                    ],
                    [
                        1.3935171365737915,
                        1.1668858528137207,
                        0.8630422949790955,
                        -3.6115570068359375
                    ],
                    [
                        1.1583012342453003,
                        1.1947087049484253,
                        0.5956006050109863,
                        -3.8367905616760254
                    ],
                    [
                        1.170047640800476,
                        1.1313467025756836,
                        0.7231162190437317,
                        -3.660846710205078
                    ],
                    [
                        1.447609305381775,
                        1.5178375244140625,
                        0.6906251907348633,
                        -4.007326126098633
                    ],
                    [
                        1.4535624980926514,
                        1.2002288103103638,
                        0.8374286890029907,
                        -4.081803321838379
                    ],
                    [
                        1.5981050729751587,
                        1.1318843364715576,
                        0.8593840599060059,
                        -4.3338823318481445
                    ],
                    [
                        1.5326731204986572,
                        1.1757769584655762,
                        1.2245800495147705,
                        -4.183446884155273
                    ],
                    [
                        1.9202431440353394,
                        1.3019018173217773,
                        1.282073974609375,
                        -4.6933698654174805
                    ],
                    [
                        2.3560307025909424,
                        1.5302627086639404,
                        1.4270029067993164,
                        -5.009439945220947
                    ],
                    [
                        2.134376049041748,
                        1.591511607170105,
                        1.2620940208435059,
                        -4.980556488037109
                    ],
                    [
                        2.123624563217163,
                        1.544250726699829,
                        1.198879361152649,
                        -4.879193305969238
                    ],
                    [
                        1.9517176151275635,
                        1.6164147853851318,
                        1.2768018245697021,
                        -4.780052185058594
                    ],
                    [
                        1.8683743476867676,
                        1.521053671836853,
                        1.351552963256836,
                        -4.654499530792236
                    ],
                    [
                        1.8606584072113037,
                        1.4579309225082397,
                        1.5381771326065063,
                        -4.783977031707764
                    ],
                    [
                        1.7546242475509644,
                        1.3341643810272217,
                        1.3759921789169312,
                        -4.4783935546875
                    ],
                    [
                        2.0273661613464355,
                        1.7160500288009644,
                        1.2513377666473389,
                        -4.333843231201172
                    ],
                    [
                        2.3238282203674316,
                        2.10597562789917,
                        1.1414031982421875,
                        -4.854000568389893
                    ]
                ]
            ],
            "actions_pred": [
                [
                    [
                        1.6351783275604248,
                        1.6718366146087646,
                        1.545725703239441,
                        1.3935171365737915,
                        1.1583012342453003,
                        1.170047640800476,
                        1.447609305381775,
                        1.4535624980926514,
                        1.5981050729751587,
                        1.5326731204986572,
                        1.9202431440353394,
                        2.3560307025909424,
                        2.134376049041748,
                        2.123624563217163,
                        1.9517176151275635,
