{
    "steps": [
        {
            "step": 0,
            "train_loss": 0.054907165467739105,
            "actions_pred1": [
                [
                    [
                        -0.6456221342086792,
                        -0.8981003165245056,
                        -0.1570206582546234,
                        0.16283316910266876
                    ],
                    [
                        -0.7061734199523926,
                        -0.4819421172142029,
                        -0.12655436992645264,
                        0.48222780227661133
                    ],
                    [
                        -0.6721594929695129,
                        -0.3863029479980469,
                        -0.018812865018844604,
                        0.4794815182685852
                    ],
                    [
                        -0.6539381742477417,
                        -0.27398446202278137,
                        0.12948697805404663,
                        0.40603041648864746
                    ],
                    [
                        -0.6898317337036133,
                        -0.4106261730194092,
                        0.1456543505191803,
                        0.3565889000892639
                    ],
                    [
                        -0.699420690536499,
                        -0.3267725110054016,
                        0.33838745951652527,
                        0.27053773403167725
                    ],
                    [
                        -0.6858035326004028,
                        -0.4319772720336914,
                        0.3165929615497589,
                        0.3802860677242279
                    ],
                    [
                        -0.6760931611061096,
                        -0.44819003343582153,
                        0.2496618926525116,
                        0.5130354762077332
                    ],
                    [
                        -0.7776294350624084,
                        -0.501299262046814,
                        0.25058504939079285,
                        0.37816837430000305
                    ],
                    [
                        -0.8561095595359802,
                        -0.4869268834590912,
                        0.20631229877471924,
                        0.37765538692474365
                    ],
                    [
                        -0.7530720233917236,
                        -0.2552574872970581,
                        0.3826586902141571,
                        0.3905523419380188
                    ],
                    [
                        -0.8366673588752747,
                        -0.30215317010879517,
                        0.3702782690525055,
                        0.5543218851089478
                    ],
                    [
                        -0.830033540725708,
                        -0.3264079689979553,
                        0.41747480630874634,
                        0.5134620666503906
                    ],
                    [
                        -0.8210383653640747,
                        -0.2704237103462219,
                        0.48829227685928345,
                        0.5089987516403198
                    ],
                    [
                        -0.8369699716567993,
                        -0.29252907633781433,
                        0.4378547966480255,
                        0.4137609004974365
                    ],
                    [
                        -0.8724279999732971,
                        -0.29975035786628723,
                        0.35441040992736816,
                        0.4866032898426056
                    ],
                    [
                        -0.7946543097496033,
                        -0.33069658279418945,
                        0.38574063777923584,
                        0.36243847012519836
                    ],
                    [
                        -0.849968671798706,
                        -0.3436303436756134,
                        0.3502799868583679,
                        0.3531181812286377
                    ],
                    [
                        -0.7475178837776184,
                        -0.11351064592599869,
                        0.28520530462265015,
                        0.5051483511924744
                    ],
                    [
                        -0.7130550146102905,
                        -0.27405881881713867,
                        0.3991335332393646,
                        0.45102667808532715
                    ]
                ]
            ],
            "actions_pred": [
                [
                    [
                        -0.6456221342086792,
                        -0.7061734199523926,
                        -0.6721594929695129,
                        -0.6539381742477417,
                        -0.6898317337036133,
                        -0.699420690536499,
                        -0.6858035326004028,
                        -0.6760931611061096,
                        -0.7776294350624084,
                        -0.8561095595359802,
                        -0.7530720233917236,
                        -0.8366673588752747,
                        -0.830033540725708,
                        -0.8210383653640747,
                        -0.8369699716567993,
                        -0.8724279999732971,
                        -0.7946543097496033,
                        -0.849968671798706,
                        -0.7475178837776184,
                        -0.7130550146102905
                    ],
                    [
                        -0.8981003165245056,
                        -0.4819421172142029,
                        -0.3863029479980469,
                        -0.27398446202278137,
                        -0.4106261730194092,
                        -0.3267725110054016,
                        -0.4319772720336914,
                        -0.44819003343582153,
                        -0.501299262046814,
                        -0.4869268834590912,
                        -0.2552574872970581,
                        -0.30215317010879517,
                        -0.3264079689979553,
                        -0.2704237103462219,
                        -0.29252907633781433,
                        -0.29975035786628723,
                        -0.33069658279418945,
                        -0.3436303436756134,
                        -0.11351064592599869,
                        -0.27405881881713867
                    ],
                    [
                        -0.1570206582546234,
                        -0.12655436992645264,
                        -0.018812865018844604,
                        0.12948697805404663,
                        0.1456543505191803,
                        0.33838745951652527,
                        0.3165929615497589,
                        0.2496618926525116,
                        0.25058504939079285,
                        0.20631229877471924,
                        0.3826586902141571,
                        0.3702782690525055,
                        0.41747480630874634,
                        0.48829227685928345,
                        0.4378547966480255,
                        0.35441040992736816,
                        0.38574063777923584,
                        0.3502799868583679,
                        0.28520530462265015,
                        0.3991335332393646
                    ],
                    [
                        0.16283316910266876,
                        0.48222780227661133,
                        0.4794815182685852,
                        0.40603041648864746,
                        0.3565889000892639,
                        0.27053773403167725,
                        0.3802860677242279,
                        0.5130354762077332,
                        0.37816837430000305,
                        0.37765538692474365,
                        0.3905523419380188,
                        0.5543218851089478,
                        0.5134620666503906,
                        0.5089987516403198,
                        0.4137609004974365,
                        0.4866032898426056,
                        0.36243847012519836,
                        0.3531181812286377,
                        0.5051483511924744,
                        0.45102667808532715
                    ]
                ]
            ],
            "states": [
                [
                    [
                        3840096.0,
                        2.92694730887888e-05,
                        0.00022606240236200392,
                        669392.5
                    ],
                    [
                        5186736.0,
                        2.8975890018045902e-05,
                        0.0002532026555854827,
                        623919.4375
                    ],
                    [
                        4765368.0,
                        2.86587583104847e-05,
                        0.0002667571825440973,
                        632646.8125
                    ],
                    [
                        6161240.0,
                        2.8318694603512995e-05,
                        0.00026687141507864,
                        545136.5625
                    ],
                    [
                        6174272.0,
                        2.7944166504312307e-05,
                        0.0002529114135541022,
                        614846.3125
                    ],
                    [
                        5751456.0,
                        2.7591326215770096e-05,
                        0.0002583715249784291,
                        530205.9375
                    ],
                    [
                        7742456.0,
                        2.720300471992232e-05,
                        0.001365873496979475,
                        538990.625
                    ],
                    [
                        6206128.0,
                        2.6812451324076392e-05,
                        0.0008239395683631301,
                        520321.9375
                    ],
                    [
                        5211352.0,
                        2.6501078536966816e-05,
                        0.0005388445570133626,
                        565831.875
                    ],
                    [
                        4737856.0,
                        2.623563341330737e-05,
                        0.0005018769879825413,
                        557744.25
                    ],
                    [
                        3256552.0,
                        2.6026094928965904e-05,
                        0.0005396626074798405,
                        583406.625
                    ],
                    [
                        2370376.0,
                        2.588063398434315e-05,
                        0.00039070475031621754,
                        599303.875
                    ],
                    [
                        3150848.0,
                        2.573955680418294e-05,
                        0.00037147922557778656,
                        638024.3125
                    ],
                    [
                        4121008.0,
                        2.5556088075973094e-05,
                        0.00035373689024709165,
                        613075.625
                    ],
                    [
                        3627240.0,
                        2.5363364329678006e-05,
                        0.0003472233365755528,
                        713559.4375
                    ],
                    [
                        4171688.0,
                        2.5172355890390463e-05,
                        0.00021890846255701035,
                        610763.0
                    ],
                    [
                        2390648.0,
                        2.501373273844365e-05,
                        0.00019109471759293228,
                        629310.5
                    ],
                    [
                        3237728.0,
                        2.487938036210835e-05,
                        0.00025023153284564614,
                        525239.375
                    ],
                    [
                        5175152.0,
                        2.4681297873030417e-05,
                        0.000305382302030921,
                        610625.375
                    ],
                    [
                        4510520.0,
                        2.445693280606065e-05,
                        0.00029567780438810587,
                        582702.6875
                    ]
                ]
            ],
            "actions": [
                [
                    [
                        0.5
                    ],
                    [
                        0.5
                    ],
                    [
                        0.5
                    ],
                    [
                        0.5
                    ],
                    [
                        0.5
                    ],
                    [
                        0.5
                    ],
                    [
                        0.5
                    ],
                    [
                        0.5
                    ],
                    [
                        0.5
                    ],
                    [
                        0.5
                    ],
                    [
                        0.5
                    ],
                    [
                        0.5
                    ],
                    [
                        0.5
                    ],
                    [
                        0.5
                    ],
                    [
                        0.5
                    ],
                    [
                        0.5
                    ],
                    [
                        0.5
                    ],
                    [
                        0.5
                    ],
                    [
                        0.5
                    ],
                    [
                        0.5
                    ]
                ]
            ],
            "returns": [
                [
                    [
                        0.11548818647861481
                    ],
                    [
                        0.11458403617143631
                    ],
                    [
                        0.11365323513746262
                    ],
                    [
                        0.11272994428873062
                    ],
                    [
                        0.11178387701511383
                    ],
                    [
                        0.11083762347698212
                    ],
                    [
                        0.1098976582288742
                    ],
                    [
                        0.10893134027719498
                    ],
                    [
                        0.10798463225364685
                    ],
                    [
                        0.10705341398715973
                    ],
                    [
                        0.10613063722848892
                    ],
                    [
                        0.10524109750986099
                    ],
                    [
                        0.10437972098588943
                    ],
                    [
                        0.1034931093454361
                    ],
                    [
                        0.10258270055055618
                    ],
                    [
                        0.1016836017370224
                    ],
                    [
                        0.10077211260795593
                    ],
                    [
                        0.09990997612476349
                    ],
                    [
                        0.09902095794677734
                    ],
                    [
                        0.09809035062789917
                    ]
                ]
            ],
            "timesteps": [
                [
                    500,
                    501,
                    502,
                    503,
                    504,
                    505,
                    506,
                    507,
                    508,
                    509,
                    510,
                    511,
                    512,
                    513,
                    514,
                    515,
                    516,
                    517,
                    518,
                    519
                ]
            ],
            "labels": [
                [
                    1,
                    1,
                    1,
                    1,
                    1,
                    1,
                    1,
                    1,
                    1,
                    1,
                    1,
                    1,
                    1,
                    1,
                    1,
                    1,
                    1,
                    1,
                    1,
                    1
                ]
            ],
            "CPU Usage": 45.3,
            "RAM Usage": 55.4,
            "GPU Usage": 0.0,
            "VRAM Usage": 357.0,
            "Disk Read Speed (MB/s)": 205936.328125,
            "Disk Write Speed (MB/s)": 319105.1611328125
        },
        {
            "step": 1,
            "train_loss": 0.043721701949834824,
            "actions_pred1": [
                [
                    [
                        -0.09124919772148132,
                        -0.4515717029571533,
                        0.16231748461723328,
                        0.8247026205062866
                    ],
                    [
                        -0.32018208503723145,
                        -0.30994611978530884,
                        0.2120327651500702,
                        0.731476902961731
                    ],
                    [
                        -0.3712133765220642,
                        -0.3307196795940399,
                        0.3155989646911621,
                        0.7346439957618713
                    ],
                    [
                        -0.40084055066108704,
                        -0.3068147897720337,
                        0.42509397864341736,
                        0.7397781610488892
                    ],
                    [
                        -0.27953818440437317,
                        -0.2141171544790268,
                        0.444042444229126,
                        0.713121771812439
                    ],
                    [
                        -0.45924365520477295,
                        -0.21244627237319946,
                        0.3812282979488373,
                        0.6356929540634155
                    ],
                    [
                        -0.6673566102981567,
                        -0.21505551040172577,
                        0.4085526466369629,
                        0.5823423862457275
                    ],
                    [
                        -0.6367250084877014,
                        -0.23530080914497375,
                        0.4199856221675873,
                        0.5006273984909058
                    ],
                    [
                        -0.5777848362922668,
                        -0.2711394429206848,
                        0.23013289272785187,
                        0.44325122237205505
                    ],
                    [
                        -0.5134398341178894,
                        -0.2664196193218231,
                        0.23414571583271027,
                        0.4088097810745239
                    ],
                    [
                        -0.5087214112281799,
                        -0.2542814314365387,
                        0.38617926836013794,
                        0.48966971039772034
                    ],
                    [
                        -0.46956804394721985,
                        -0.2602710723876953,
                        0.32316309213638306,
                        0.480521023273468
                    ],
                    [
                        -0.5141838192939758,
                        -0.21501806378364563,
                        0.42774662375450134,
                        0.550305962562561
                    ],
                    [
                        -0.519779622554779,
                        -0.11136230826377869,
                        0.5276315808296204,
                        0.4512149691581726
                    ],
                    [
                        -0.4795359671115875,
                        -0.0987599790096283,
                        0.48898494243621826,
                        0.48119306564331055
                    ],
                    [
                        -0.5419064164161682,
                        -0.16293875873088837,
                        0.48935815691947937,
                        0.3989744186401367
                    ],
                    [
                        -0.7660893201828003,
                        -0.1840687245130539,
                        0.5528591871261597,
                        0.22348108887672424
                    ],
                    [
                        -0.5969364643096924,
                        -0.08966515213251114,
                        0.5025210380554199,
                        0.35685956478118896
                    ],
                    [
                        -0.6004678010940552,
                        -0.17215007543563843,
                        0.3095332384109497,
                        0.44727659225463867
                    ],
                    [
                        -0.6425052881240845,
                        -0.17632465064525604,
                        0.32229292392730713,
                        0.4391767084598541
                    ]
                ]
            ],
            "actions_pred": [
                [
                    [
                        -0.09124919772148132,
                        -0.32018208503723145,
                        -0.3712133765220642,
                        -0.40084055066108704,
                        -0.27953818440437317,
                        -0.45924365520477295,
                        -0.6673566102981567,
                        -0.6367250084877014,
                        -0.5777848362922668,
                        -0.5134398341178894,
                        -0.5087214112281799,
                        -0.46956804394721985,
                        -0.5141838192939758,
                        -0.519779622554779,
                        -0.4795359671115875,
                        -0.5419064164161682,
                        -0.7660893201828003,
                        -0.5969364643096924,
                        -0.6004678010940552,
                        -0.6425052881240845
                    ],
                    [
                        -0.4515717029571533,
                        -0.30994611978530884,
                        -0.3307196795940399,
                        -0.3068147897720337,
                        -0.2141171544790268,
                        -0.21244627237319946,
                        -0.21505551040172577,
                        -0.23530080914497375,
                        -0.2711394429206848,
                        -0.2664196193218231,
                        -0.2542814314365387,
                        -0.2602710723876953,
                        -0.21501806378364563,
                        -0.11136230826377869,
                        -0.0987599790096283,
                        -0.16293875873088837,
                        -0.1840687245130539,
                        -0.08966515213251114,
                        -0.17215007543563843,
                        -0.17632465064525604
                    ],
                    [
                        0.16231748461723328,
                        0.2120327651500702,
                        0.3155989646911621,
                        0.42509397864341736,
                        0.444042444229126,
                        0.3812282979488373,
                        0.4085526466369629,
                        0.4199856221675873,
                        0.23013289272785187,
                        0.23414571583271027,
                        0.38617926836013794,
                        0.32316309213638306,
                        0.42774662375450134,
                        0.5276315808296204,
                        0.48898494243621826,
                        0.48935815691947937,
                        0.5528591871261597,
                        0.5025210380554199,
                        0.3095332384109497,
                        0.32229292392730713
                    ],
                    [
                        0.8247026205062866,
                        0.731476902961731,
                        0.7346439957618713,
                        0.7397781610488892,
                        0.713121771812439,
                        0.6356929540634155,
                        0.5823423862457275,
                        0.5006273984909058,
                        0.44325122237205505,
                        0.4088097810745239,
                        0.48966971039772034,
                        0.480521023273468,
                        0.550305962562561,
                        0.4512149691581726,
                        0.48119306564331055,
                        0.3989744186401367,
                        0.22348108887672424,
                        0.35685956478118896,
                        0.44727659225463867,
                        0.4391767084598541
                    ]
                ]
            ],
            "states": [
                [
                    [
                        5457512.0,
                        9.714517545944545e-06,
                        0.0004527103737927973,
                        552968.1875
                    ],
                    [
                        4474320.0,
                        9.607780157239176e-06,
                        0.00029970589093863964,
                        640429.75
                    ],
                    [
                        3226144.0,
                        9.52661685005296e-06,
                        0.00026218051789328456,
                        614909.3125
                    ],
                    [
                        4174584.0,
                        9.44995554164052e-06,
                        0.0002925366861745715,
                        607098.5
                    ],
                    [
                        4522104.0,
                        9.361412594444118e-06,
                        0.00028024095809087157,
                        568885.75
                    ],
                    [
                        2825048.0,
                        8.919517313188408e-06,
                        0.0001758198341121897,
                        690901.5625
                    ],
                    [
                        5196872.0,
                        8.846717719279695e-06,
                        0.00013516498438548297,
                        601105.3125
                    ],
                    [
                        7633856.0,
                        8.732715286896564e-06,
                        0.0001646996388444677,
                        547900.5625
                    ],
                    [
                        47963.0,
                        0.2136354148387909,
                        0.00027816780493594706,
                        871190.125
                    ],
                    [
                        608160.0,
                        0.027683094143867493,
                        0.00026209698989987373,
                        1030414.6875
                    ],
                    [
                        537208.0,
                        0.007899114862084389,
                        0.0002851165772881359,
                        949322.9375
                    ],
                    [
                        671872.0,
                        0.004755145870149136,
                        0.000267517170868814,
                        888587.6875
                    ],
                    [
                        858664.0,
                        0.003167606657370925,
                        0.00027258697082288563,
                        909664.5625
                    ],
                    [
                        877488.0,
                        0.0022909550461918116,
                        0.00027191461413167417,
                        989545.25
                    ],
                    [
                        1255416.0,
                        0.0017173178493976593,
                        0.00027577357832342386,
                        1043241.4375
                    ],
                    [
                        1436416.0,
                        0.0013016851153224707,
                        0.00027702987426891923,
                        939221.25
                    ],
                    [
                        1715880.0,
                        0.0010147599969059229,
                        0.0002779100905172527,
                        989890.625
                    ],
                    [
                        1867920.0,
                        0.0008108949987217784,
                        0.00026160795823670924,
                        1001348.25
                    ],
                    [
                        2189376.0,
                        0.0006609969423152506,
                        0.0002753763983491808,
                        969961.0625
                    ],
                    [
                        2552824.0,
                        0.000543545582331717,
                        0.0002731475979089737,
                        970656.1875
                    ]
                ]
            ],
            "actions": [
                [
                    [
                        0.5
                    ],
                    [
                        0.5
                    ],
                    [
                        0.5
                    ],
                    [
                        0.5
                    ],
                    [
                        0.5
                    ],
                    [
                        0.5
                    ],
                    [
                        0.5
                    ],
                    [
                        0.5
                    ],
                    [
                        0.75
                    ],
                    [
                        0.75
                    ],
                    [
                        0.75
                    ],
                    [
                        0.75
                    ],
                    [
                        0.75
                    ],
                    [
                        0.75
                    ],
                    [
                        0.75
                    ],
                    [
                        0.75
                    ],
                    [
                        0.75
                    ],
                    [
                        0.75
                    ],
                    [
                        0.75
                    ],
                    [
                        0.75
                    ]
                ]
            ],
            "returns": [
                [
                    [
                        0.39574772119522095
                    ],
                    [
                        0.3948124051094055
                    ],
                    [
                        0.3938947021961212
                    ],
                    [
                        0.39300599694252014
                    ],
                    [
                        0.3920944333076477
                    ],
                    [
                        0.3911758065223694
                    ],
                    [
                        0.39029887318611145
                    ],
                    [
                        0.38936787843704224
                    ],
                    [
                        0.3884028196334839
                    ],
                    [
                        0.38788723945617676
                    ],
                    [
                        0.3871464729309082
                    ],
                    [
                        0.3864167034626007
                    ],
                    [
                        0.385667085647583
                    ],
                    [
                        0.3848957419395447
                    ],
                    [
                        0.38412246108055115
                    ],
                    [
                        0.3833174407482147
                    ],
                    [
                        0.38250046968460083
                    ],
                    [
                        0.38166773319244385
                    ],
                    [
                        0.38082748651504517
                    ],
                    [
                        0.3799731433391571
                    ]
                ]
            ],
            "timesteps": [
                [
                    200,
                    201,
                    202,
                    203,
                    204,
                    205,
                    206,
                    207,
                    208,
                    209,
                    210,
                    211,
                    212,
                    213,
                    214,
                    215,
                    216,
                    217,
                    218,
                    219
                ]
            ],
            "labels": [
                [
                    1,
                    1,
                    1,
                    1,
                    1,
                    1,
                    1,
                    1,
                    2,
                    2,
                    2,
                    2,
                    2,
                    2,
                    2,
                    2,
                    2,
                    2,
                    2,
                    2
                ]
            ],
            "CPU Usage": 46.6,
            "RAM Usage": 55.6,
            "GPU Usage": 0.0,
            "VRAM Usage": 356.0,
            "Disk Read Speed (MB/s)": 205936.453125,
            "Disk Write Speed (MB/s)": 319105.5830078125
        },
        {
            "step": 2,
            "train_loss": 0.052649546414613724,
            "actions_pred1": [
                [
                    [
                        -0.5053014755249023,
                        -0.3653845489025116,
                        0.14710140228271484,
                        0.4860121011734009
                    ],
                    [
                        -0.4549848437309265,
                        -0.3271659016609192,
                        0.39140141010284424,
                        0.530805230140686
                    ],
                    [
                        -0.3767927289009094,
                        -0.3106840252876282,
                        0.3309559226036072,
                        0.4474153220653534
                    ],
                    [
                        -0.33817458152770996,
                        -0.2935539782047272,
                        0.36823731660842896,
                        0.3693171739578247
                    ],
                    [
                        -0.216745525598526,
                        -0.28754010796546936,
                        0.1247095912694931,
                        0.20832404494285583
                    ],
                    [
                        -0.1089828684926033,
                        -0.1684606820344925,
                        0.3011167645454407,
                        0.18097147345542908
                    ],
                    [
                        -0.11291654407978058,
                        -0.06390082836151123,
                        0.3983933925628662,
                        0.17957386374473572
                    ],
                    [
                        -0.09533461928367615,
                        -0.043909311294555664,
                        0.49207329750061035,
                        0.375527560710907
                    ],
                    [
                        -0.25690993666648865,
                        -0.027295775711536407,
                        0.3714315891265869,
                        0.3247205913066864
                    ],
                    [
                        -0.22218747437000275,
                        -0.13836203515529633,
                        0.5836981534957886,
                        0.3983818590641022
                    ],
                    [
                        -0.2849298417568207,
                        -0.22818179428577423,
                        0.5313968658447266,
                        0.3546382188796997
                    ],
                    [
                        -0.4728231132030487,
                        -0.2195233404636383,
                        0.5244182348251343,
                        0.3429614007472992
                    ],
                    [
                        -0.48243528604507446,
                        -0.10559000819921494,
                        0.5605963468551636,
                        0.38906118273735046
                    ],
                    [
                        -0.4577246904373169,
                        -0.05188107490539551,
                        0.5601435899734497,
                        0.44315454363822937
                    ],
                    [
                        -0.4265979528427124,
                        -0.1248636245727539,
                        0.4767319858074188,
                        0.4032006859779358
                    ],
                    [
                        -0.39290010929107666,
                        -0.059054091572761536,
                        0.4564642310142517,
                        0.32705169916152954
                    ],
                    [
                        -0.2204824686050415,
                        -0.10657873749732971,
                        0.3718552589416504,
                        0.336284339427948
                    ],
                    [
                        -0.2874193489551544,
                        -0.09365087747573853,
                        0.43440526723861694,
                        0.4584999680519104
                    ],
                    [
                        -0.3724628984928131,
                        -0.040952812880277634,
                        0.6206859350204468,
                        0.38852885365486145
                    ],
                    [
                        -0.3436307907104492,
                        -0.13815724849700928,
                        0.758391797542572,
                        0.3716081976890564
                    ]
                ]
            ],
            "actions_pred": [
                [
                    [
                        -0.5053014755249023,
                        -0.4549848437309265,
                        -0.3767927289009094,
                        -0.33817458152770996,
                        -0.216745525598526,
                        -0.1089828684926033,
                        -0.11291654407978058,
