{
    "steps": [
        {
            "step": 0,
            "train_loss": 0.033538058400154114,
            "actions_pred1": [
                [
                    [
                        -0.2544316053390503,
                        0.3369308114051819,
                        0.5558668375015259,
                        -2.875826597213745
                    ],
                    [
                        -0.33748486638069153,
                        0.6158891916275024,
                        0.5510221719741821,
                        -2.318647861480713
                    ],
                    [
                        -0.08586524426937103,
                        0.6238088011741638,
                        0.6507078409194946,
                        -2.1180953979492188
                    ],
                    [
                        -0.0024744123220443726,
                        0.7196072340011597,
                        0.781249463558197,
                        -2.158607006072998
                    ],
                    [
                        0.04590803384780884,
                        0.5771703720092773,
                        0.822807788848877,
                        -2.237504005432129
                    ],
                    [
                        0.013479873538017273,
                        0.6325821876525879,
                        0.9397444725036621,
                        -2.3026070594787598
                    ],
                    [
                        0.017859570682048798,
                        0.523466944694519,
                        0.9446358680725098,
                        -2.178037166595459
                    ],
                    [
                        0.08104108273983002,
                        0.52042156457901,
                        0.8787236213684082,
                        -2.0365614891052246
                    ],
                    [
                        -0.02306544780731201,
                        0.43845877051353455,
                        0.9004702568054199,
                        -2.1226603984832764
                    ],
                    [
                        -0.12240754067897797,
                        0.45454829931259155,
                        0.848186194896698,
                        -2.1576309204101562
                    ],
                    [
                        -0.046371959149837494,
                        0.6713681221008301,
                        0.9844427108764648,
                        -2.0654947757720947
                    ],
                    [
                        -0.11389631032943726,
                        0.6271011829376221,
                        0.9848967790603638,
                        -1.8775385618209839
                    ],
                    [
                        -0.12413416802883148,
                        0.6350724101066589,
                        1.0381391048431396,
                        -1.9411394596099854
                    ],
                    [
                        -0.11376487463712692,
                        0.659894585609436,
                        1.085740327835083,
                        -1.9586243629455566
                    ],
                    [
                        -0.11581167578697205,
                        0.6139342784881592,
                        1.0271357297897339,
                        -2.0703413486480713
                    ],
                    [
                        -0.15138913691043854,
                        0.5976126194000244,
                        0.9544335007667542,
                        -2.0016613006591797
                    ],
                    [
                        -0.13533273339271545,
                        0.5897566080093384,
                        1.0174859762191772,
                        -2.104405641555786
                    ],
                    [
                        -0.15856650471687317,
                        0.5639059543609619,
                        0.9691917896270752,
                        -2.096932888031006
                    ],
                    [
                        -0.078606016933918,
                        0.8639028072357178,
                        0.9633862376213074,
                        -1.922382116317749
                    ],
                    [
                        -0.0074872225522994995,
                        0.7426931262016296,
                        1.0524340867996216,
                        -2.030566453933716
                    ]
                ]
            ],
            "actions_pred": [
                [
                    [
                        -0.2544316053390503,
                        -0.33748486638069153,
                        -0.08586524426937103,
                        -0.0024744123220443726,
                        0.04590803384780884,
                        0.013479873538017273,
                        0.017859570682048798,
                        0.08104108273983002,
                        -0.02306544780731201,
                        -0.12240754067897797,
                        -0.046371959149837494,
                        -0.11389631032943726,
                        -0.12413416802883148,
                        -0.11376487463712692,
                        -0.11581167578697205,
                        -0.15138913691043854,
                        -0.13533273339271545,
                        -0.15856650471687317,
                        -0.078606016933918,
                        -0.0074872225522994995
                    ],
                    [
                        0.3369308114051819,
                        0.6158891916275024,
                        0.6238088011741638,
                        0.7196072340011597,
                        0.5771703720092773,
                        0.6325821876525879,
                        0.523466944694519,
                        0.52042156457901,
                        0.43845877051353455,
                        0.45454829931259155,
                        0.6713681221008301,
                        0.6271011829376221,
                        0.6350724101066589,
                        0.659894585609436,
                        0.6139342784881592,
                        0.5976126194000244,
                        0.5897566080093384,
                        0.5639059543609619,
                        0.8639028072357178,
                        0.7426931262016296
                    ],
                    [
                        0.5558668375015259,
                        0.5510221719741821,
                        0.6507078409194946,
                        0.781249463558197,
                        0.822807788848877,
                        0.9397444725036621,
                        0.9446358680725098,
                        0.8787236213684082,
                        0.9004702568054199,
                        0.848186194896698,
                        0.9844427108764648,
                        0.9848967790603638,
                        1.0381391048431396,
                        1.085740327835083,
                        1.0271357297897339,
                        0.9544335007667542,
                        1.0174859762191772,
                        0.9691917896270752,
                        0.9633862376213074,
                        1.0524340867996216
                    ],
                    [
                        -2.875826597213745,
                        -2.318647861480713,
                        -2.1180953979492188,
                        -2.158607006072998,
                        -2.237504005432129,
                        -2.3026070594787598,
                        -2.178037166595459,
                        -2.0365614891052246,
                        -2.1226603984832764,
                        -2.1576309204101562,
                        -2.0654947757720947,
                        -1.8775385618209839,
                        -1.9411394596099854,
                        -1.9586243629455566,
                        -2.0703413486480713,
                        -2.0016613006591797,
                        -2.104405641555786,
                        -2.096932888031006,
                        -1.922382116317749,
                        -2.030566453933716
                    ]
                ]
            ],
            "states": [
                [
                    [
                        3840096.0,
                        2.92694730887888e-05,
                        0.00022606240236200392,
                        669392.5
                    ],
                    [
                        5186736.0,
                        2.8975890018045902e-05,
                        0.0002532026555854827,
                        623919.4375
                    ],
                    [
                        4765368.0,
                        2.86587583104847e-05,
                        0.0002667571825440973,
                        632646.8125
                    ],
                    [
                        6161240.0,
                        2.8318694603512995e-05,
                        0.00026687141507864,
                        545136.5625
                    ],
                    [
                        6174272.0,
                        2.7944166504312307e-05,
                        0.0002529114135541022,
                        614846.3125
                    ],
                    [
                        5751456.0,
                        2.7591326215770096e-05,
                        0.0002583715249784291,
                        530205.9375
                    ],
                    [
                        7742456.0,
                        2.720300471992232e-05,
                        0.001365873496979475,
                        538990.625
                    ],
                    [
                        6206128.0,
                        2.6812451324076392e-05,
                        0.0008239395683631301,
                        520321.9375
                    ],
                    [
                        5211352.0,
                        2.6501078536966816e-05,
                        0.0005388445570133626,
                        565831.875
                    ],
                    [
                        4737856.0,
                        2.623563341330737e-05,
                        0.0005018769879825413,
                        557744.25
                    ],
                    [
                        3256552.0,
                        2.6026094928965904e-05,
                        0.0005396626074798405,
                        583406.625
                    ],
                    [
                        2370376.0,
                        2.588063398434315e-05,
                        0.00039070475031621754,
                        599303.875
                    ],
                    [
                        3150848.0,
                        2.573955680418294e-05,
                        0.00037147922557778656,
                        638024.3125
                    ],
                    [
                        4121008.0,
                        2.5556088075973094e-05,
                        0.00035373689024709165,
                        613075.625
                    ],
                    [
                        3627240.0,
                        2.5363364329678006e-05,
                        0.0003472233365755528,
                        713559.4375
                    ],
                    [
                        4171688.0,
                        2.5172355890390463e-05,
                        0.00021890846255701035,
                        610763.0
                    ],
                    [
                        2390648.0,
                        2.501373273844365e-05,
                        0.00019109471759293228,
                        629310.5
                    ],
                    [
                        3237728.0,
                        2.487938036210835e-05,
                        0.00025023153284564614,
                        525239.375
                    ],
                    [
                        5175152.0,
                        2.4681297873030417e-05,
                        0.000305382302030921,
                        610625.375
                    ],
                    [
                        4510520.0,
                        2.445693280606065e-05,
                        0.00029567780438810587,
                        582702.6875
                    ]
                ]
            ],
            "actions": [
                [
                    [
                        0.5
                    ],
                    [
                        0.5
                    ],
                    [
                        0.5
                    ],
                    [
                        0.5
                    ],
                    [
                        0.5
                    ],
                    [
                        0.5
                    ],
                    [
                        0.5
                    ],
                    [
                        0.5
                    ],
                    [
                        0.5
                    ],
                    [
                        0.5
                    ],
                    [
                        0.5
                    ],
                    [
                        0.5
                    ],
                    [
                        0.5
                    ],
                    [
                        0.5
                    ],
                    [
                        0.5
                    ],
                    [
                        0.5
                    ],
                    [
                        0.5
                    ],
                    [
                        0.5
                    ],
                    [
                        0.5
                    ],
                    [
                        0.5
                    ]
                ]
            ],
            "returns": [
                [
                    [
                        0.11548818647861481
                    ],
                    [
                        0.11458403617143631
                    ],
                    [
                        0.11365323513746262
                    ],
                    [
                        0.11272994428873062
                    ],
                    [
                        0.11178387701511383
                    ],
                    [
                        0.11083762347698212
                    ],
                    [
                        0.1098976582288742
                    ],
                    [
                        0.10893134027719498
                    ],
                    [
                        0.10798463225364685
                    ],
                    [
                        0.10705341398715973
                    ],
                    [
                        0.10613063722848892
                    ],
                    [
                        0.10524109750986099
                    ],
                    [
                        0.10437972098588943
                    ],
                    [
                        0.1034931093454361
                    ],
                    [
                        0.10258270055055618
                    ],
                    [
                        0.1016836017370224
                    ],
                    [
                        0.10077211260795593
                    ],
                    [
                        0.09990997612476349
                    ],
                    [
                        0.09902095794677734
                    ],
                    [
                        0.09809035062789917
                    ]
                ]
            ],
            "timesteps": [
                [
                    500,
                    501,
                    502,
                    503,
                    504,
                    505,
                    506,
                    507,
                    508,
                    509,
                    510,
                    511,
                    512,
                    513,
                    514,
                    515,
                    516,
                    517,
                    518,
                    519
                ]
            ],
            "labels": [
                [
                    1,
                    1,
                    1,
                    1,
                    1,
                    1,
                    1,
                    1,
                    1,
                    1,
                    1,
                    1,
                    1,
                    1,
                    1,
                    1,
                    1,
                    1,
                    1,
                    1
                ]
            ],
            "CPU Usage": 45.6,
            "RAM Usage": 55.0,
            "GPU Usage": 0.0,
            "VRAM Usage": 355.0,
            "Disk Read Speed (MB/s)": 206569.1572265625,
            "Disk Write Speed (MB/s)": 397954.8212890625
        },
        {
            "step": 1,
            "train_loss": 0.01963203400373459,
            "actions_pred1": [
                [
                    [
                        0.663672924041748,
                        0.8602309823036194,
                        1.5649738311767578,
                        -1.4225001335144043
                    ],
                    [
                        0.2141905426979065,
                        1.0037366151809692,
                        1.676243782043457,
                        -1.7192583084106445
                    ],
                    [
                        0.1936684399843216,
                        0.8580291271209717,
                        1.4523183107376099,
                        -1.6871743202209473
                    ],
                    [
                        0.20535187423229218,
                        0.8889073729515076,
                        1.4007437229156494,
                        -1.7705484628677368
                    ],
                    [
                        0.17790904641151428,
                        0.971182644367218,
                        1.4246432781219482,
                        -1.768042802810669
                    ],
                    [
                        0.43022337555885315,
                        0.8865752816200256,
                        1.4021967649459839,
                        -2.0291481018066406
                    ],
                    [
                        0.27136701345443726,
                        0.6597157120704651,
                        1.4514729976654053,
                        -1.9233548641204834
                    ],
                    [
                        0.3141387403011322,
                        0.7370818853378296,
                        1.5168166160583496,
                        -1.9537227153778076
                    ],
                    [
                        0.21847744286060333,
                        0.7930440902709961,
                        1.4574248790740967,
                        -1.7632408142089844
                    ],
                    [
                        0.27923834323883057,
                        0.7811999320983887,
                        1.4216504096984863,
                        -1.8327665328979492
                    ],
                    [
                        0.26224610209465027,
                        0.866084635257721,
                        1.5307228565216064,
                        -1.8629616498947144
                    ],
                    [
                        0.3682834804058075,
                        0.693716824054718,
                        1.47087824344635,
                        -1.755653977394104
                    ],
                    [
                        0.2517544627189636,
                        0.6982465386390686,
                        1.5401878356933594,
                        -1.6099834442138672
                    ],
                    [
                        0.27863809466362,
                        0.7944979071617126,
                        1.462907075881958,
                        -1.7251439094543457
                    ],
                    [
                        0.4012819230556488,
                        0.8032717704772949,
                        1.5663940906524658,
                        -1.8596045970916748
                    ],
                    [
                        0.571092963218689,
                        0.8194166421890259,
                        1.4969894886016846,
                        -1.859937071800232
                    ],
                    [
                        0.5374050736427307,
                        0.8653542995452881,
                        1.584755301475525,
                        -1.8008191585540771
                    ],
                    [
                        0.4763384759426117,
                        0.9838263392448425,
                        1.5581820011138916,
                        -2.028333902359009
                    ],
                    [
                        0.4785671830177307,
                        0.8795443177223206,
                        1.5280687808990479,
                        -2.0205278396606445
                    ],
                    [
                        0.5282063484191895,
                        0.8319005370140076,
                        1.4694488048553467,
                        -1.8572971820831299
                    ]
                ]
            ],
            "actions_pred": [
                [
                    [
                        0.663672924041748,
                        0.2141905426979065,
                        0.1936684399843216,
                        0.20535187423229218,
                        0.17790904641151428,
                        0.43022337555885315,
                        0.27136701345443726,
                        0.3141387403011322,
                        0.21847744286060333,
                        0.27923834323883057,
                        0.26224610209465027,
                        0.3682834804058075,
                        0.2517544627189636,
                        0.27863809466362,
                        0.4012819230556488,
                        0.571092963218689,
                        0.5374050736427307,
                        0.4763384759426117,
                        0.4785671830177307,
                        0.5282063484191895
                    ],
                    [
                        0.8602309823036194,
                        1.0037366151809692,
                        0.8580291271209717,
                        0.8889073729515076,
                        0.971182644367218,
                        0.8865752816200256,
                        0.6597157120704651,
                        0.7370818853378296,
                        0.7930440902709961,
                        0.7811999320983887,
                        0.866084635257721,
                        0.693716824054718,
                        0.6982465386390686,
                        0.7944979071617126,
                        0.8032717704772949,
                        0.8194166421890259,
                        0.8653542995452881,
                        0.9838263392448425,
                        0.8795443177223206,
                        0.8319005370140076
                    ],
                    [
                        1.5649738311767578,
                        1.676243782043457,
                        1.4523183107376099,
                        1.4007437229156494,
                        1.4246432781219482,
                        1.4021967649459839,
                        1.4514729976654053,
                        1.5168166160583496,
                        1.4574248790740967,
                        1.4216504096984863,
                        1.5307228565216064,
                        1.47087824344635,
                        1.5401878356933594,
                        1.462907075881958,
                        1.5663940906524658,
                        1.4969894886016846,
                        1.584755301475525,
                        1.5581820011138916,
                        1.5280687808990479,
                        1.4694488048553467
                    ],
                    [
                        -1.4225001335144043,
                        -1.7192583084106445,
                        -1.6871743202209473,
                        -1.7705484628677368,
                        -1.768042802810669,
                        -2.0291481018066406,
                        -1.9233548641204834,
                        -1.9537227153778076,
                        -1.7632408142089844,
                        -1.8327665328979492,
                        -1.8629616498947144,
                        -1.755653977394104,
                        -1.6099834442138672,
                        -1.7251439094543457,
                        -1.8596045970916748,
                        -1.859937071800232,
                        -1.8008191585540771,
                        -2.028333902359009,
                        -2.0205278396606445,
                        -1.8572971820831299
                    ]
                ]
            ],
            "states": [
                [
                    [
                        5466200.0,
                        1.129001520894235e-05,
                        0.0002789112040773034,
                        818770.4375
                    ],
                    [
                        5612448.0,
                        1.1129687663924415e-05,
                        0.00025781430304050446,
                        898413.75
                    ],
                    [
                        5046280.0,
                        1.0979628314089496e-05,
                        0.0002818313369061798,
                        909004.75
                    ],
                    [
                        5249000.0,
                        1.0838540219992865e-05,
                        0.00027022496215067804,
                        810422.3125
                    ],
                    [
                        5515432.0,
                        1.0694837328628637e-05,
                        0.00027221045456826687,
                        891063.1875
                    ],
                    [
                        5182392.0,
                        1.0555714652582537e-05,
                        0.0002733847650233656,
                        862686.6875
                    ],
                    [
                        5021664.0,
                        1.0426368135085795e-05,
                        0.00026607781182974577,
                        893778.125
                    ],
                    [
                        5292440.0,
                        1.0298814231646247e-05,
                        0.00028466759249567986,
                        852371.5625
                    ],
                    [
                        5366288.0,
                        1.0170228961214889e-05,
                        0.0002693114511203021,
                        775255.625
                    ],
                    [
                        5483576.0,
                        1.0042614121630322e-05,
                        0.0002695369767025113,
                        802315.875
                    ],
                    [
                        5369184.0,
                        9.918102477968205e-06,
                        0.00026757299201563,
                        854250.0
                    ],
                    [
                        5670368.0,
                        9.794596735446248e-06,
                        0.0002770914288703352,
                        851009.75
                    ],
                    [
                        5537152.0,
                        9.67230062087765e-06,
                        0.0002540841815061867,
                        843244.5625
                    ],
                    [
                        5557424.0,
                        9.554213647788856e-06,
                        0.0002650599053595215,
                        914621.5625
                    ],
                    [
                        5403936.0,
                        9.440349458600394e-06,
                        0.00027801760006695986,
                        829670.8125
                    ],
                    [
                        5246104.0,
                        9.332287845609244e-06,
                        0.0002704633225221187,
                        839801.4375
                    ],
                    [
                        5603760.0,
                        9.224719178746454e-06,
                        0.0002756867033895105,
                        804814.3125
                    ],
                    [
                        5383664.0,
                        9.118263733398635e-06,
                        0.00025344316964037716,
                        920753.0625
                    ],
                    [
                        5525568.0,
                        8.914936188375577e-06,
                        0.000413205154472962,
                        941023.9375
                    ],
                    [
                        5521224.0,
                        8.814949069346767e-06,
                        0.00012937834253534675,
                        850908.25
                    ]
                ]
            ],
            "actions": [
                [
                    [
                        0.75
                    ],
                    [
                        0.75
                    ],
                    [
                        0.75
                    ],
                    [
                        0.75
                    ],
                    [
                        0.75
                    ],
                    [
                        0.75
                    ],
                    [
                        0.75
                    ],
                    [
                        0.75
                    ],
                    [
                        0.75
                    ],
                    [
                        0.75
                    ],
                    [
                        0.75
                    ],
                    [
                        0.75
                    ],
                    [
                        0.75
                    ],
                    [
                        0.75
                    ],
                    [
                        0.75
                    ],
                    [
                        0.75
                    ],
                    [
                        0.75
                    ],
                    [
                        0.75
                    ],
                    [
                        0.75
                    ],
                    [
                        0.75
                    ]
                ]
            ],
            "returns": [
                [
                    [
                        0.5242103934288025
                    ],
                    [
                        0.5232749581336975
                    ],
                    [
                        0.5223371386528015
                    ],
                    [
                        0.5214087963104248
                    ],
                    [
                        0.5204769372940063
                    ],
                    [
                        0.5195406675338745
                    ],
                    [
                        0.5186099410057068
                    ],
                    [
                        0.5176820158958435
                    ],
                    [
                        0.5167494416236877
                    ],
                    [
                        0.5158156156539917
                    ],
                    [
                        0.5148798823356628
                    ],
                    [
                        0.513945996761322
                    ],
                    [
                        0.5130072832107544
                    ],
                    [
                        0.5120707154273987
                    ],
                    [
                        0.5111337900161743
                    ],
                    [
                        0.5101993083953857
                    ],
                    [
                        0.5092675089836121
                    ],
                    [
                        0.5083298683166504
                    ],
                    [
                        0.5073957443237305
                    ],
                    [
                        0.5064593553543091
                    ]
                ]
            ],
            "timesteps": [
                [
                    60,
                    61,
                    62,
                    63,
                    64,
                    65,
                    66,
                    67,
                    68,
                    69,
                    70,
                    71,
                    72,
                    73,
                    74,
                    75,
                    76,
                    77,
                    78,
                    79
                ]
            ],
            "labels": [
                [
                    2,
                    2,
                    2,
                    2,
                    2,
                    2,
                    2,
                    2,
                    2,
                    2,
                    2,
                    2,
                    2,
                    2,
                    2,
                    2,
                    2,
                    2,
                    2,
                    2
                ]
            ],
            "CPU Usage": 46.7,
            "RAM Usage": 55.0,
            "GPU Usage": 0.0,
            "VRAM Usage": 355.0,
            "Disk Read Speed (MB/s)": 206569.1572265625,
            "Disk Write Speed (MB/s)": 397954.9150390625
        },
        {
            "step": 2,
            "train_loss": 0.04633674770593643,
            "actions_pred1": [
                [
                    [
                        0.18163654208183289,
                        0.8522250652313232,
                        1.576448917388916,
                        -1.8415515422821045
                    ],
                    [
                        0.25364845991134644,
                        0.640249490737915,
                        1.5372110605239868,
                        -1.722933053970337
                    ],
                    [
                        0.367912620306015,
                        0.5716603994369507,
                        1.5696628093719482,
                        -1.8628132343292236
                    ],
                    [
                        0.48219937086105347,
                        0.6040254235267639,
                        1.6276881694793701,
                        -1.6735608577728271
                    ],
                    [
                        0.6794822812080383,
                        0.5888252258300781,
                        1.6978353261947632,
                        -1.7665969133377075
                    ],
                    [
                        0.7001196146011353,
                        0.6620764136314392,
                        1.6294909715652466,
                        -1.7650686502456665
                    ],
                    [
                        0.5029692649841309,
                        0.7180674076080322,
                        1.5669853687286377,
                        -1.7990798950195312
                    ],
                    [
                        0.5559609532356262,
                        0.6338609457015991,
                        1.411657452583313,
                        -1.9922418594360352
                    ],
                    [
                        0.561557948589325,
                        0.5489283204078674,
                        1.495713233947754,
                        -1.9326224327087402
                    ],
                    [
                        0.7811200618743896,
                        0.7861271500587463,
                        1.644515037536621,
                        -2.1515235900878906
                    ],
                    [
                        1.0171022415161133,
                        0.893311619758606,
                        1.7074040174484253,
                        -2.00325083732605
                    ],
                    [
                        1.052951693534851,
                        0.8489170074462891,
                        1.5541284084320068,
                        -1.9375803470611572
                    ],
                    [
                        0.9813580513000488,
                        0.940788745880127,
                        1.5827441215515137,
                        -1.9908156394958496
                    ],
                    [
                        0.8600481748580933,
                        0.8611936569213867,
                        1.63773512840271,
                        -1.983159065246582
                    ],
                    [
                        0.8252882361412048,
                        0.750603973865509,
                        1.488510251045227,
                        -2.0448226928710938
                    ],
                    [
                        0.8876498937606812,
                        0.7304190397262573,
                        1.4767704010009766,
                        -2.089183807373047
                    ],
                    [
                        0.790757954120636,
                        0.7927761077880859,
                        1.5523576736450195,
                        -2.026505708694458
                    ],
                    [
                        1.0068339109420776,
                        0.8136541843414307,
                        1.48685622215271,
                        -2.035048246383667
                    ],
                    [
                        0.992502748966217,
                        0.7051268815994263,
                        1.2717119455337524,
                        -1.8486247062683105
                    ],
                    [
                        0.9443566799163818,
                        0.6901971697807312,
                        1.4750481843948364,
                        -1.7622658014297485
                    ]
                ]
            ],
            "actions_pred": [
                [
                    [
                        0.18163654208183289,
                        0.25364845991134644,
                        0.367912620306015,
                        0.48219937086105347,
                        0.6794822812080383,
                        0.7001196146011353,
                        0.5029692649841309,
                        0.5559609532356262,
                        0.561557948589325,
                        0.7811200618743896,
                        1.0171022415161133,
                        1.052951693534851,
