{
    "steps": [
        {
            "step": 0,
            "train_loss": 0.028451761230826378,
            "actions_pred1": [
                [
                    [
                        0.14327944815158844,
                        -0.012884952127933502,
                        0.913743793964386,
                        0.1954430639743805
                    ],
                    [
                        0.08907127380371094,
                        -0.025721140205860138,
                        0.868561327457428,
                        0.17295396327972412
                    ],
                    [
                        0.13470560312271118,
                        -0.02792944759130478,
                        0.7482011318206787,
                        0.14288216829299927
                    ],
                    [
                        0.128525048494339,
                        -0.16653844714164734,
                        0.6462946534156799,
                        -0.04955902695655823
                    ],
                    [
                        0.27149948477745056,
                        -0.17139869928359985,
                        0.6866343021392822,
                        -0.1266058385372162
                    ],
                    [
                        0.23238758742809296,
                        -0.19794148206710815,
                        0.6303433775901794,
                        -0.05486708879470825
                    ],
                    [
                        0.21450836956501007,
                        0.018985837697982788,
                        0.5066131949424744,
                        0.06625545024871826
                    ],
                    [
                        0.2383137196302414,
                        0.0076500847935676575,
                        0.6503710150718689,
                        0.08885985612869263
                    ],
                    [
                        0.29881203174591064,
                        0.04817435145378113,
                        0.654104471206665,
                        -0.009457111358642578
                    ],
                    [
                        0.20814821124076843,
                        0.02895360440015793,
                        0.6707073450088501,
                        -0.08932650089263916
                    ],
                    [
                        0.1973627805709839,
                        0.007180318236351013,
                        0.7194922566413879,
                        -0.058486759662628174
                    ],
                    [
                        0.13899381458759308,
                        0.02477017045021057,
                        0.6655788421630859,
                        -0.06697103381156921
                    ],
                    [
                        0.22276665270328522,
                        -0.021327033638954163,
                        0.861316442489624,
                        -0.1613340675830841
                    ],
                    [
                        0.2032136768102646,
                        0.00949764996767044,
                        0.8286758065223694,
                        -0.12531015276908875
                    ],
                    [
                        0.15690600872039795,
                        0.029657650738954544,
                        0.7278010845184326,
                        -0.1230267584323883
                    ],
                    [
                        0.061186254024505615,
                        0.0437457449734211,
                        0.8291507363319397,
                        -0.19982385635375977
                    ],
                    [
                        -0.04719305783510208,
                        0.0760984793305397,
                        0.8608516454696655,
                        -0.20061048865318298
                    ],
                    [
                        0.14231058955192566,
                        0.11876124888658524,
                        0.7860363721847534,
                        -0.144769549369812
                    ],
                    [
                        0.0723123550415039,
                        0.05655623972415924,
                        0.8079776763916016,
                        -0.11037304997444153
                    ],
                    [
                        0.03586966544389725,
                        0.030673470348119736,
                        0.895412027835846,
                        -0.09681051969528198
                    ]
                ]
            ],
            "actions_pred": [
                [
                    [
                        0.14327944815158844,
                        0.08907127380371094,
                        0.13470560312271118,
                        0.128525048494339,
                        0.27149948477745056,
                        0.23238758742809296,
                        0.21450836956501007,
                        0.2383137196302414,
                        0.29881203174591064,
                        0.20814821124076843,
                        0.1973627805709839,
                        0.13899381458759308,
                        0.22276665270328522,
                        0.2032136768102646,
                        0.15690600872039795,
                        0.061186254024505615,
                        -0.04719305783510208,
                        0.14231058955192566,
                        0.0723123550415039,
                        0.03586966544389725
                    ],
                    [
                        -0.012884952127933502,
                        -0.025721140205860138,
                        -0.02792944759130478,
                        -0.16653844714164734,
                        -0.17139869928359985,
                        -0.19794148206710815,
                        0.018985837697982788,
                        0.0076500847935676575,
                        0.04817435145378113,
                        0.02895360440015793,
                        0.007180318236351013,
                        0.02477017045021057,
                        -0.021327033638954163,
                        0.00949764996767044,
                        0.029657650738954544,
                        0.0437457449734211,
                        0.0760984793305397,
                        0.11876124888658524,
                        0.05655623972415924,
                        0.030673470348119736
                    ],
                    [
                        0.913743793964386,
                        0.868561327457428,
                        0.7482011318206787,
                        0.6462946534156799,
                        0.6866343021392822,
                        0.6303433775901794,
                        0.5066131949424744,
                        0.6503710150718689,
                        0.654104471206665,
                        0.6707073450088501,
                        0.7194922566413879,
                        0.6655788421630859,
                        0.861316442489624,
                        0.8286758065223694,
                        0.7278010845184326,
                        0.8291507363319397,
                        0.8608516454696655,
                        0.7860363721847534,
                        0.8079776763916016,
                        0.895412027835846
                    ],
                    [
                        0.1954430639743805,
                        0.17295396327972412,
                        0.14288216829299927,
                        -0.04955902695655823,
                        -0.1266058385372162,
                        -0.05486708879470825,
                        0.06625545024871826,
                        0.08885985612869263,
                        -0.009457111358642578,
                        -0.08932650089263916,
                        -0.058486759662628174,
                        -0.06697103381156921,
                        -0.1613340675830841,
                        -0.12531015276908875,
                        -0.1230267584323883,
                        -0.19982385635375977,
                        -0.20061048865318298,
                        -0.144769549369812,
                        -0.11037304997444153,
                        -0.09681051969528198
                    ]
                ]
            ],
            "states": [
                [
                    [
                        5451720.0,
                        5.395679545472376e-05,
                        0.00037329201586544514,
                        787492.0625
                    ],
                    [
                        5280856.0,
                        5.18798733537551e-05,
                        0.00029995679506100714,
                        814349.6875
                    ],
                    [
                        5398144.0,
                        4.996706411475316e-05,
                        0.0002722619683481753,
                        830635.1875
                    ],
                    [
                        5419864.0,
                        4.8167821660172194e-05,
                        0.0002737951872404665,
                        823458.5625
                    ],
                    [
                        5285200.0,
                        4.651026029023342e-05,
                        0.0002537628752179444,
                        847604.5625
                    ],
                    [
                        5632720.0,
                        4.493406231631525e-05,
                        0.0002845273702405393,
                        778198.5625
                    ],
                    [
                        4926096.0,
                        4.350659582996741e-05,
                        0.00027429292094893754,
                        769937.4375
                    ],
                    [
                        5379320.0,
                        4.219951370032504e-05,
                        0.0002784566895570606,
                        775819.3125
                    ],
                    [
                        5141848.0,
                        4.0942868508864194e-05,
                        0.00027366288122721016,
                        804782.8125
                    ],
                    [
                        5422760.0,
                        3.9754886529408395e-05,
                        0.0002617421268951148,
                        784755.125
                    ],
                    [
                        5163568.0,
                        3.8631129427812994e-05,
                        0.000270931632257998,
                        777998.8125
                    ],
                    [
                        5172256.0,
                        3.7593843444483355e-05,
                        0.00027350522577762604,
                        827638.0
                    ],
                    [
                        5228728.0,
                        3.6604818888008595e-05,
                        0.0002609447401482612,
                        836480.3125
                    ],
                    [
                        5215696.0,
                        3.566250597941689e-05,
                        0.0002695223083719611,
                        842399.5625
                    ],
                    [
                        5496608.0,
                        3.474534969427623e-05,
                        0.00026009109569713473,
                        814649.5
                    ],
                    [
                        5165016.0,
                        3.3877906389534473e-05,
                        0.0002577552804723382,
                        820590.75
                    ],
                    [
                        5712360.0,
                        3.3036900276783854e-05,
                        0.0002756010799203068,
                        835693.0625
                    ],
                    [
                        5086824.0,
                        3.224165993742645e-05,
                        0.0002540297864470631,
                        845564.6875
                    ],
                    [
                        5490816.0,
                        3.14996468659956e-05,
                        0.00027847016463056207,
                        824773.25
                    ],
                    [
                        5183840.0,
                        3.078411828028038e-05,
                        0.0002814441977534443,
                        810358.5625
                    ]
                ]
            ],
            "actions": [
                [
                    [
                        0.75
                    ],
                    [
                        0.75
                    ],
                    [
                        0.75
                    ],
                    [
                        0.75
                    ],
                    [
                        0.75
                    ],
                    [
                        0.75
                    ],
                    [
                        0.75
                    ],
                    [
                        0.75
                    ],
                    [
                        0.75
                    ],
                    [
                        0.75
                    ],
                    [
                        0.75
                    ],
                    [
                        0.75
                    ],
                    [
                        0.75
                    ],
                    [
                        0.75
                    ],
                    [
                        0.75
                    ],
                    [
                        0.75
                    ],
                    [
                        0.75
                    ],
                    [
                        0.75
                    ],
                    [
                        0.75
                    ],
                    [
                        0.75
                    ]
                ]
            ],
            "returns": [
                [
                    [
                        0.36055833101272583
                    ],
                    [
                        0.35962310433387756
                    ],
                    [
                        0.35869070887565613
                    ],
                    [
                        0.3577563464641571
                    ],
                    [
                        0.3568216562271118
                    ],
                    [
                        0.3558892011642456
                    ],
                    [
                        0.35495108366012573
                    ],
                    [
                        0.35402485728263855
                    ],
                    [
                        0.3530908226966858
                    ],
                    [
                        0.352160781621933
                    ],
                    [
                        0.3512260317802429
                    ],
                    [
                        0.35029563307762146
                    ],
                    [
                        0.34936508536338806
                    ],
                    [
                        0.34843355417251587
                    ],
                    [
                        0.3475022614002228
                    ],
                    [
                        0.3465663194656372
                    ],
                    [
                        0.34563589096069336
                    ],
                    [
                        0.3446965217590332
                    ],
                    [
                        0.3437674641609192
                    ],
                    [
                        0.3428316116333008
                    ]
                ]
            ],
            "timesteps": [
                [
                    240,
                    241,
                    242,
                    243,
                    244,
                    245,
                    246,
                    247,
                    248,
                    249,
                    250,
                    251,
                    252,
                    253,
                    254,
                    255,
                    256,
                    257,
                    258,
                    259
                ]
            ],
            "labels": [
                [
                    2,
                    2,
                    2,
                    2,
                    2,
                    2,
                    2,
                    2,
                    2,
                    2,
                    2,
                    2,
                    2,
                    2,
                    2,
                    2,
                    2,
                    2,
                    2,
                    2
                ]
            ],
            "CPU Usage": 45.5,
            "RAM Usage": 55.2,
            "GPU Usage": 0.0,
            "VRAM Usage": 355.0,
            "Disk Read Speed (MB/s)": 206025.6181640625,
            "Disk Write Speed (MB/s)": 351765.9501953125
        },
        {
            "step": 1,
            "train_loss": 0.028787076473236084,
            "actions_pred1": [
                [
                    [
                        0.5304229259490967,
                        -0.1317261904478073,
                        0.5587438941001892,
                        -0.05219140648841858
                    ],
                    [
                        0.2576409876346588,
                        -0.04645960032939911,
                        0.5308125019073486,
                        0.08616700768470764
                    ],
                    [
                        0.0732312798500061,
                        0.2417236566543579,
                        0.6478073596954346,
                        0.012114375829696655
                    ],
                    [
                        0.07077563554048538,
                        0.15312597155570984,
                        0.7218726873397827,
                        0.07294246554374695
                    ],
                    [
                        0.057768069207668304,
                        0.09049968421459198,
                        0.6613852977752686,
                        -0.041088998317718506
                    ],
                    [
                        0.1204129010438919,
                        0.11617761850357056,
                        0.7084890604019165,
                        -0.12099486589431763
                    ],
                    [
                        0.03569117188453674,
                        0.04948106035590172,
                        0.7818518877029419,
                        -0.11544415354728699
                    ],
                    [
                        -0.1402665674686432,
                        -0.06602360308170319,
                        0.7418765425682068,
                        -0.21945570409297943
                    ],
                    [
                        -0.0190630741417408,
                        -0.12935107946395874,
                        0.674835205078125,
                        -0.18888063728809357
                    ],
                    [
                        0.011588022112846375,
                        0.06953583657741547,
                        0.8601168394088745,
                        -0.1706828773021698
                    ],
                    [
                        -0.010072432458400726,
                        0.15079930424690247,
                        0.9954595565795898,
                        -0.09743607044219971
                    ],
                    [
                        0.17443911731243134,
                        0.17892438173294067,
                        0.8012453317642212,
                        -0.189489483833313
                    ],
                    [
                        0.31724122166633606,
                        0.11256039887666702,
                        0.8946163654327393,
                        -0.2739658057689667
                    ],
                    [
                        0.2015109807252884,
                        0.03430962562561035,
                        0.6117460131645203,
                        -0.3062136173248291
                    ],
                    [
                        0.10670003294944763,
                        0.09029241651296616,
                        0.7236124277114868,
                        -0.23677708208560944
                    ],
                    [
                        0.21995559334754944,
                        -0.12238616496324539,
                        0.7127683162689209,
                        -0.21373246610164642
                    ],
                    [
                        0.22004270553588867,
                        0.022898584604263306,
                        0.6813802719116211,
                        -0.07132086157798767
                    ],
                    [
                        0.1973879039287567,
                        0.1994716227054596,
                        0.7802708745002747,
                        0.0147629976272583
                    ],
                    [
                        0.16999921202659607,
                        0.26816585659980774,
                        0.8155431747436523,
                        0.0556054562330246
                    ],
                    [
                        0.13424137234687805,
                        0.24237200617790222,
                        0.8010121583938599,
                        -0.02130076289176941
                    ]
                ]
            ],
            "actions_pred": [
                [
                    [
                        0.5304229259490967,
                        0.2576409876346588,
                        0.0732312798500061,
                        0.07077563554048538,
                        0.057768069207668304,
                        0.1204129010438919,
                        0.03569117188453674,
                        -0.1402665674686432,
                        -0.0190630741417408,
                        0.011588022112846375,
                        -0.010072432458400726,
                        0.17443911731243134,
                        0.31724122166633606,
                        0.2015109807252884,
                        0.10670003294944763,
                        0.21995559334754944,
                        0.22004270553588867,
                        0.1973879039287567,
                        0.16999921202659607,
                        0.13424137234687805
                    ],
                    [
                        -0.1317261904478073,
                        -0.04645960032939911,
                        0.2417236566543579,
                        0.15312597155570984,
                        0.09049968421459198,
                        0.11617761850357056,
                        0.04948106035590172,
                        -0.06602360308170319,
                        -0.12935107946395874,
                        0.06953583657741547,
                        0.15079930424690247,
                        0.17892438173294067,
                        0.11256039887666702,
                        0.03430962562561035,
                        0.09029241651296616,
                        -0.12238616496324539,
                        0.022898584604263306,
                        0.1994716227054596,
                        0.26816585659980774,
                        0.24237200617790222
                    ],
                    [
                        0.5587438941001892,
                        0.5308125019073486,
                        0.6478073596954346,
                        0.7218726873397827,
                        0.6613852977752686,
                        0.7084890604019165,
                        0.7818518877029419,
                        0.7418765425682068,
                        0.674835205078125,
                        0.8601168394088745,
                        0.9954595565795898,
                        0.8012453317642212,
                        0.8946163654327393,
                        0.6117460131645203,
                        0.7236124277114868,
                        0.7127683162689209,
                        0.6813802719116211,
                        0.7802708745002747,
                        0.8155431747436523,
                        0.8010121583938599
                    ],
                    [
                        -0.05219140648841858,
                        0.08616700768470764,
                        0.012114375829696655,
                        0.07294246554374695,
                        -0.041088998317718506,
                        -0.12099486589431763,
                        -0.11544415354728699,
                        -0.21945570409297943,
                        -0.18888063728809357,
                        -0.1706828773021698,
                        -0.09743607044219971,
                        -0.189489483833313,
                        -0.2739658057689667,
                        -0.3062136173248291,
                        -0.23677708208560944,
                        -0.21373246610164642,
                        -0.07132086157798767,
                        0.0147629976272583,
                        0.0556054562330246,
                        -0.02130076289176941
                    ]
                ]
            ],
            "states": [
                [
                    [
                        5305472.0,
                        8.719099241716322e-06,
                        0.00013201982073951513,
                        847637.0625
                    ],
                    [
                        5427104.0,
                        8.626127055322286e-06,
                        0.00013791865785606205,
                        798609.0
                    ],
                    [
                        5450272.0,
                        8.533900654583704e-06,
                        0.00014453318726737052,
                        879716.5
                    ],
                    [
                        5114336.0,
                        8.446181709587108e-06,
                        0.00014699026360176504,
                        849232.5625
                    ],
                    [
                        5466200.0,
                        8.360139872820582e-06,
                        0.00016071676509454846,
                        823946.3125
                    ],
                    [
                        5315608.0,
                        8.27424355520634e-06,
                        0.00016249381587840617,
                        854104.0625
                    ],
                    [
                        5602312.0,
                        8.189044820028357e-06,
                        0.0001488575799157843,
                        832423.8125
                    ],
                    [
                        5063656.0,
                        8.107467692752834e-06,
                        0.00016087492986116558,
                        837260.4375
                    ],
                    [
                        5243208.0,
                        8.030191565921996e-06,
                        0.00016716374375391752,
                        847603.1875
                    ],
                    [
                        5813720.0,
                        7.948916390887462e-06,
                        0.00019032474665436894,
                        855439.25
                    ],
                    [
                        5408280.0,
                        7.868069587857462e-06,
                        0.00018542619363870472,
                        819410.4375
                    ],
                    [
                        5082480.0,
                        7.7939621405676e-06,
                        0.000198170033399947,
                        886572.3125
                    ],
                    [
                        5553080.0,
                        7.720262146904133e-06,
                        0.0001916241308208555,
                        834980.5
                    ],
                    [
                        5222936.0,
                        7.646989615750499e-06,
                        0.0002063407882815227,
                        810099.0
                    ],
                    [
                        5267824.0,
                        7.57698762754444e-06,
                        0.00023895764024928212,
                        771615.4375
                    ],
                    [
                        5292440.0,
                        7.507794634875609e-06,
                        0.00025051896227523685,
                        873322.6875
                    ],
                    [
                        5603760.0,
                        7.437720341840759e-06,
                        0.0002676467993296683,
                        855312.0625
                    ],
                    [
                        5289312.0,
                        7.368956630671164e-06,
                        0.0002700872428249568,
                        823382.9375
                    ],
                    [
                        5275296.0,
                        7.303467100427952e-06,
                        0.0002660537720657885,
                        780031.4375
                    ],
                    [
                        5143296.0,
                        7.240012109832605e-06,
                        0.00026454709586687386,
                        808306.8125
                    ]
                ]
            ],
            "actions": [
                [
                    [
                        0.75
                    ],
                    [
                        0.75
                    ],
                    [
                        0.75
                    ],
                    [
                        0.75
                    ],
                    [
                        0.75
                    ],
                    [
                        0.75
                    ],
                    [
                        0.75
                    ],
                    [
                        0.75
                    ],
                    [
                        0.75
                    ],
                    [
                        0.75
                    ],
                    [
                        0.75
                    ],
                    [
                        0.75
                    ],
                    [
                        0.75
                    ],
                    [
                        0.75
                    ],
                    [
                        0.75
                    ],
                    [
                        0.75
                    ],
                    [
                        0.75
                    ],
                    [
                        0.75
                    ],
                    [
                        0.75
                    ],
                    [
                        0.75
                    ]
                ]
            ],
            "returns": [
                [
                    [
                        0.5055230259895325
                    ],
                    [
                        0.5045902132987976
                    ],
                    [
                        0.5036553740501404
                    ],
                    [
                        0.5027201771736145
                    ],
                    [
                        0.5017906427383423
                    ],
                    [
                        0.5008551478385925
                    ],
                    [
                        0.4999221861362457
                    ],
                    [
                        0.49898457527160645
                    ],
                    [
                        0.49805590510368347
                    ],
                    [
                        0.4971241354942322
                    ],
                    [
                        0.49618321657180786
                    ],
                    [
                        0.4952487051486969
                    ],
                    [
                        0.49431970715522766
                    ],
                    [
                        0.49338284134864807
                    ],
                    [
                        0.49245142936706543
                    ],
                    [
                        0.4915192425251007
                    ],
                    [
                        0.49058666825294495
                    ],
                    [
                        0.4896489977836609
                    ],
                    [
                        0.4887164533138275
                    ],
                    [
                        0.48778414726257324
                    ]
                ]
            ],
            "timesteps": [
                [
                    80,
                    81,
                    82,
                    83,
                    84,
                    85,
                    86,
                    87,
                    88,
                    89,
                    90,
                    91,
                    92,
                    93,
                    94,
                    95,
                    96,
                    97,
                    98,
                    99
                ]
            ],
            "labels": [
                [
                    2,
                    2,
                    2,
                    2,
                    2,
                    2,
                    2,
                    2,
                    2,
                    2,
                    2,
                    2,
                    2,
                    2,
                    2,
                    2,
                    2,
                    2,
                    2,
                    2
                ]
            ],
            "CPU Usage": 46.7,
            "RAM Usage": 55.4,
            "GPU Usage": 0.0,
            "VRAM Usage": 356.0,
            "Disk Read Speed (MB/s)": 206025.6181640625,
            "Disk Write Speed (MB/s)": 351768.7666015625
        },
        {
            "step": 2,
            "train_loss": 0.0537615604698658,
            "actions_pred1": [
                [
                    [
                        0.12572884559631348,
                        -0.001186661422252655,
                        0.7364943027496338,
                        -0.03278031945228577
                    ],
                    [
                        0.06956927478313446,
                        0.1355171799659729,
                        0.691664457321167,
                        0.2152252346277237
                    ],
                    [
                        -0.05611267313361168,
                        0.05517949163913727,
                        0.4221928119659424,
                        0.33525550365448
                    ],
                    [
                        -0.087490975856781,
                        0.044428057968616486,
                        0.41043728590011597,
                        0.2500377297401428
                    ],
                    [
                        0.023210778832435608,
                        -0.0017316564917564392,
                        0.5801264047622681,
                        0.10993382334709167
                    ],
                    [
                        -0.046625033020973206,
                        0.05731131136417389,
                        0.7568404674530029,
                        0.11650581657886505
                    ],
                    [
                        -0.10858794301748276,
                        0.017175666987895966,
                        0.8577914834022522,
                        0.017585843801498413
                    ],
                    [
                        -0.29752016067504883,
                        0.04278506338596344,
                        0.8487825393676758,
                        -0.011964261531829834
                    ],
                    [
                        -0.14867523312568665,
                        0.07126760482788086,
                        0.9054750800132751,
                        0.019692808389663696
                    ],
                    [
                        -0.20456549525260925,
                        0.05802435427904129,
                        1.0136247873306274,
                        0.02477717399597168
                    ],
                    [
                        -0.23931682109832764,
                        0.032502904534339905,
                        0.9339486360549927,
                        0.011969596147537231
                    ],
                    [
                        0.04834948480129242,
                        -0.14777369797229767,
                        0.9255754351615906,
                        0.004665449261665344
                    ],
                    [
                        -0.08728519082069397,
                        -0.12709155678749084,
                        0.9162532091140747,
                        0.06976379454135895
                    ],
                    [
                        -0.07113999128341675,
                        -0.1482999324798584,
                        0.8417554497718811,
                        -0.05897802114486694
                    ],
                    [
                        0.01900358498096466,
                        -0.028084971010684967,
                        0.8290456533432007,
                        0.019221216440200806
                    ],
                    [
                        -0.013818711042404175,
                        -0.010905556380748749,
                        0.8807066082954407,
                        -0.07739254832267761
                    ],
                    [
                        -0.0544632226228714,
                        0.07144877314567566,
                        0.8985818028450012,
                        -0.0494343638420105
                    ],
                    [
                        -0.0266764834523201,
                        0.04596402496099472,
                        0.8238327503204346,
                        0.058433741331100464
                    ],
                    [
                        -0.024730771780014038,
                        -0.00653502345085144,
                        0.8916568756103516,
                        -0.024475902318954468
                    ],
                    [
                        -0.02879425883293152,
                        -0.14564943313598633,
                        0.8563973903656006,
                        0.03568077087402344
                    ]
                ]
            ],
            "actions_pred": [
                [
                    [
                        0.12572884559631348,
                        0.06956927478313446,
                        -0.05611267313361168,
                        -0.087490975856781,
                        0.023210778832435608,
