{
    "steps": [
        {
            "step": 0,
            "train_loss": 0.02840907871723175,
            "actions_pred1": [
                [
                    [
                        1.0156443119049072,
                        1.326830267906189,
                        1.2232141494750977,
                        -2.6981430053710938
                    ],
                    [
                        1.238434076309204,
                        0.8963364958763123,
                        1.2867763042449951,
                        -3.071998119354248
                    ],
                    [
                        1.0151665210723877,
                        1.0770683288574219,
                        1.1049357652664185,
                        -3.0634660720825195
                    ],
                    [
                        0.7908872365951538,
                        1.1374626159667969,
                        1.113731861114502,
                        -3.137535572052002
                    ],
                    [
                        0.8767925500869751,
                        1.1428816318511963,
                        1.1564266681671143,
                        -3.366530418395996
                    ],
                    [
                        0.8395777940750122,
                        1.1445426940917969,
                        1.188326120376587,
                        -3.6632707118988037
                    ],
                    [
                        0.7892385721206665,
                        1.3278273344039917,
                        1.301572322845459,
                        -3.7054481506347656
                    ],
                    [
                        0.6548019051551819,
                        1.189767837524414,
                        1.004631757736206,
                        -3.528684616088867
                    ],
                    [
                        0.6874738335609436,
                        1.1510788202285767,
                        0.9821126461029053,
                        -3.7109735012054443
                    ],
                    [
                        0.760924220085144,
                        1.2270920276641846,
                        1.0545589923858643,
                        -3.5692944526672363
                    ],
                    [
                        0.8417748212814331,
                        1.213780164718628,
                        1.0357409715652466,
                        -3.34779691696167
                    ],
                    [
                        0.7965205311775208,
                        1.2871382236480713,
                        1.1488337516784668,
                        -3.3164331912994385
                    ],
                    [
                        0.7796241641044617,
                        1.2570407390594482,
                        0.9850716590881348,
                        -3.2134053707122803
                    ],
                    [
                        0.719158411026001,
                        1.6045989990234375,
                        1.0095723867416382,
                        -3.4895670413970947
                    ],
                    [
                        0.7108258008956909,
                        1.748065710067749,
                        1.2296063899993896,
                        -4.185055732727051
                    ],
                    [
                        0.7291865348815918,
                        1.67501699924469,
                        1.2767902612686157,
                        -3.9942867755889893
                    ],
                    [
                        0.702083170413971,
                        1.581444263458252,
                        1.4706491231918335,
                        -4.013071537017822
                    ],
                    [
                        1.0046980381011963,
                        1.5260465145111084,
                        1.5087522268295288,
                        -3.9945778846740723
                    ],
                    [
                        1.0226517915725708,
                        1.7250810861587524,
                        1.236945390701294,
                        -4.16123104095459
                    ],
                    [
                        0.9391491413116455,
                        1.7155556678771973,
                        1.2553308010101318,
                        -4.0279693603515625
                    ]
                ]
            ],
            "actions_pred": [
                [
                    [
                        1.0156443119049072,
                        1.238434076309204,
                        1.0151665210723877,
                        0.7908872365951538,
                        0.8767925500869751,
                        0.8395777940750122,
                        0.7892385721206665,
                        0.6548019051551819,
                        0.6874738335609436,
                        0.760924220085144,
                        0.8417748212814331,
                        0.7965205311775208,
                        0.7796241641044617,
                        0.719158411026001,
                        0.7108258008956909,
                        0.7291865348815918,
                        0.702083170413971,
                        1.0046980381011963,
                        1.0226517915725708,
                        0.9391491413116455
                    ],
                    [
                        1.326830267906189,
                        0.8963364958763123,
                        1.0770683288574219,
                        1.1374626159667969,
                        1.1428816318511963,
                        1.1445426940917969,
                        1.3278273344039917,
                        1.189767837524414,
                        1.1510788202285767,
                        1.2270920276641846,
                        1.213780164718628,
                        1.2871382236480713,
                        1.2570407390594482,
                        1.6045989990234375,
                        1.748065710067749,
                        1.67501699924469,
                        1.581444263458252,
                        1.5260465145111084,
                        1.7250810861587524,
                        1.7155556678771973
                    ],
                    [
                        1.2232141494750977,
                        1.2867763042449951,
                        1.1049357652664185,
                        1.113731861114502,
                        1.1564266681671143,
                        1.188326120376587,
                        1.301572322845459,
                        1.004631757736206,
                        0.9821126461029053,
                        1.0545589923858643,
                        1.0357409715652466,
                        1.1488337516784668,
                        0.9850716590881348,
                        1.0095723867416382,
                        1.2296063899993896,
                        1.2767902612686157,
                        1.4706491231918335,
                        1.5087522268295288,
                        1.236945390701294,
                        1.2553308010101318
                    ],
                    [
                        -2.6981430053710938,
                        -3.071998119354248,
                        -3.0634660720825195,
                        -3.137535572052002,
                        -3.366530418395996,
                        -3.6632707118988037,
                        -3.7054481506347656,
                        -3.528684616088867,
                        -3.7109735012054443,
                        -3.5692944526672363,
                        -3.34779691696167,
                        -3.3164331912994385,
                        -3.2134053707122803,
                        -3.4895670413970947,
                        -4.185055732727051,
                        -3.9942867755889893,
                        -4.013071537017822,
                        -3.9945778846740723,
                        -4.16123104095459,
                        -4.0279693603515625
                    ]
                ]
            ],
            "states": [
                [
                    [
                        4019648.0,
                        3.81172176275868e-05,
                        0.00027542549651116133,
                        604074.25
                    ],
                    [
                        3591040.0,
                        3.7697544030379504e-05,
                        0.00025879128952510655,
                        645691.25
                    ],
                    [
                        4225264.0,
                        3.727625517058186e-05,
                        0.0002528103068470955,
                        514911.09375
                    ],
                    [
                        4439568.0,
                        3.6820012610405684e-05,
                        0.00020026147831231356,
                        552938.5
                    ],
                    [
                        5228728.0,
                        3.6324065149528906e-05,
                        0.00022364039614330977,
                        577892.375
                    ],
                    [
                        5965760.0,
                        3.5766250221058726e-05,
                        0.0002323320077266544,
                        503764.8125
                    ],
                    [
                        6114904.0,
                        3.518302401062101e-05,
                        0.00023472661268897355,
                        508360.15625
                    ],
                    [
                        5644304.0,
                        3.463315078988671e-05,
                        0.00024062122975010425,
                        571257.3125
                    ],
                    [
                        5870192.0,
                        3.411128273000941e-05,
                        0.0001874879380920902,
                        547187.9375
                    ],
                    [
                        5618240.0,
                        3.360593836987391e-05,
                        0.00025532711879350245,
                        590262.375
                    ],
                    [
                        6352376.0,
                        3.3095278922701254e-05,
                        0.0002452299522701651,
                        574275.5
                    ],
                    [
                        5702224.0,
                        3.259619916207157e-05,
                        0.00023082415282260627,
                        543057.75
                    ],
                    [
                        7646888.0,
                        3.206136170774698e-05,
                        0.00026125748991034925,
                        526472.875
                    ],
                    [
                        5964312.0,
                        3.153302532155067e-05,
                        0.00024003862927202135,
                        536332.125
                    ],
                    [
                        5580592.0,
                        3.109858516836539e-05,
                        0.00019315553072374314,
                        564225.875
                    ],
                    [
                        6007752.0,
                        3.0674520530737936e-05,
                        0.00022412248654291034,
                        547189.8125
                    ],
                    [
                        4469976.0,
                        3.0300650905701332e-05,
                        0.00023788119142409414,
                        655379.0
                    ],
                    [
                        3631584.0,
                        3.0017836252227426e-05,
                        0.0002484873402863741,
                        709152.875
                    ],
                    [
                        3940008.0,
                        2.9758366508758627e-05,
                        0.00025739934062585235,
                        659045.125
                    ],
                    [
                        3424520.0,
                        2.951018359453883e-05,
                        0.00019004895875696093,
                        668658.9375
                    ]
                ]
            ],
            "actions": [
                [
                    [
                        0.5
                    ],
                    [
                        0.5
                    ],
                    [
                        0.5
                    ],
                    [
                        0.5
                    ],
                    [
                        0.5
                    ],
                    [
                        0.5
                    ],
                    [
                        0.5
                    ],
                    [
                        0.5
                    ],
                    [
                        0.5
                    ],
                    [
                        0.5
                    ],
                    [
                        0.5
                    ],
                    [
                        0.5
                    ],
                    [
                        0.5
                    ],
                    [
                        0.5
                    ],
                    [
                        0.5
                    ],
                    [
                        0.5
                    ],
                    [
                        0.5
                    ],
                    [
                        0.5
                    ],
                    [
                        0.5
                    ],
                    [
                        0.5
                    ]
                ]
            ],
            "returns": [
                [
                    [
                        0.13405705988407135
                    ],
                    [
                        0.13314884901046753
                    ],
                    [
                        0.13225065171718597
                    ],
                    [
                        0.13133801519870758
                    ],
                    [
                        0.1304210126399994
                    ],
                    [
                        0.1294894963502884
                    ],
                    [
                        0.12854628264904022
                    ],
                    [
                        0.12760089337825775
                    ],
                    [
                        0.12666259706020355
                    ],
                    [
                        0.12572081387043
                    ],
                    [
                        0.12478292733430862
                    ],
                    [
                        0.12383415549993515
                    ],
                    [
                        0.12289495021104813
                    ],
                    [
                        0.12192973494529724
                    ],
                    [
                        0.12098655104637146
                    ],
                    [
                        0.12004926055669785
                    ],
                    [
                        0.11910542845726013
                    ],
                    [
                        0.118187814950943
                    ],
                    [
                        0.11728861182928085
                    ],
                    [
                        0.1163821816444397
                    ]
                ]
            ],
            "timesteps": [
                [
                    480,
                    481,
                    482,
                    483,
                    484,
                    485,
                    486,
                    487,
                    488,
                    489,
                    490,
                    491,
                    492,
                    493,
                    494,
                    495,
                    496,
                    497,
                    498,
                    499
                ]
            ],
            "labels": [
                [
                    1,
                    1,
                    1,
                    1,
                    1,
                    1,
                    1,
                    1,
                    1,
                    1,
                    1,
                    1,
                    1,
                    1,
                    1,
                    1,
                    1,
                    1,
                    1,
                    1
                ]
            ],
            "CPU Usage": 45.6,
            "RAM Usage": 55.0,
            "GPU Usage": 0.0,
            "VRAM Usage": 355.0,
            "Disk Read Speed (MB/s)": 206643.9833984375,
            "Disk Write Speed (MB/s)": 409136.2587890625
        },
        {
            "step": 1,
            "train_loss": 0.031510453671216965,
            "actions_pred1": [
                [
                    [
                        0.5106792449951172,
                        0.9487282633781433,
                        1.428754210472107,
                        -2.509875535964966
                    ],
                    [
                        0.4248846173286438,
                        0.8140299916267395,
                        1.1825755834579468,
                        -2.3428406715393066
                    ],
                    [
                        0.34306004643440247,
                        0.8114560842514038,
                        1.1992475986480713,
                        -2.2790651321411133
                    ],
                    [
                        0.23927925527095795,
                        0.9043638706207275,
                        1.0056949853897095,
                        -2.2274718284606934
                    ],
                    [
                        0.1661616712808609,
                        0.9426739811897278,
                        0.9516810178756714,
                        -2.402726650238037
                    ],
                    [
                        0.19883546233177185,
                        0.942067563533783,
                        1.0414531230926514,
                        -2.293848752975464
                    ],
                    [
                        0.24958501756191254,
                        1.1738876104354858,
                        1.0129005908966064,
                        -2.441376209259033
                    ],
                    [
                        0.23454084992408752,
                        0.9688869714736938,
                        1.114425778388977,
                        -2.4813084602355957
                    ],
                    [
                        0.28502988815307617,
                        0.935360312461853,
                        1.1192399263381958,
                        -2.611048698425293
                    ],
                    [
                        0.288035124540329,
                        1.0027416944503784,
                        1.3403587341308594,
                        -2.5096049308776855
                    ],
                    [
                        0.4606536328792572,
                        1.0620312690734863,
                        1.2756468057632446,
                        -2.702960968017578
                    ],
                    [
                        0.7404983043670654,
                        1.0976996421813965,
                        1.2942322492599487,
                        -2.89251446723938
                    ],
                    [
                        0.5937772989273071,
                        1.2006957530975342,
                        1.378767490386963,
                        -2.8957273960113525
                    ],
                    [
                        0.5516440272331238,
                        1.1900848150253296,
                        1.4026718139648438,
                        -2.79306697845459
                    ],
                    [
                        0.4227854609489441,
                        1.2518187761306763,
                        1.4603062868118286,
                        -2.737046480178833
                    ],
                    [
                        0.42978641390800476,
                        1.2782455682754517,
                        1.49501371383667,
                        -2.723968744277954
                    ],
                    [
                        0.45844095945358276,
                        1.193006157875061,
                        1.5731000900268555,
                        -2.790055513381958
                    ],
                    [
                        0.43156057596206665,
                        1.1085176467895508,
                        1.492349624633789,
                        -2.710531234741211
                    ],
                    [
                        0.5349772572517395,
                        1.3667781352996826,
                        1.304977536201477,
                        -2.6518313884735107
                    ],
                    [
                        0.5686408281326294,
                        1.5518887042999268,
                        1.2293781042099,
                        -2.8527708053588867
                    ]
                ]
            ],
            "actions_pred": [
                [
                    [
                        0.5106792449951172,
                        0.4248846173286438,
                        0.34306004643440247,
                        0.23927925527095795,
                        0.1661616712808609,
                        0.19883546233177185,
                        0.24958501756191254,
                        0.23454084992408752,
                        0.28502988815307617,
                        0.288035124540329,
                        0.4606536328792572,
                        0.7404983043670654,
                        0.5937772989273071,
                        0.5516440272331238,
                        0.4227854609489441,
                        0.42978641390800476,
                        0.45844095945358276,
                        0.43156057596206665,
                        0.5349772572517395,
                        0.5686408281326294
                    ],
                    [
                        0.9487282633781433,
                        0.8140299916267395,
                        0.8114560842514038,
                        0.9043638706207275,
                        0.9426739811897278,
                        0.942067563533783,
                        1.1738876104354858,
                        0.9688869714736938,
                        0.935360312461853,
                        1.0027416944503784,
                        1.0620312690734863,
                        1.0976996421813965,
                        1.2006957530975342,
                        1.1900848150253296,
                        1.2518187761306763,
                        1.2782455682754517,
                        1.193006157875061,
                        1.1085176467895508,
                        1.3667781352996826,
                        1.5518887042999268
                    ],
                    [
                        1.428754210472107,
                        1.1825755834579468,
                        1.1992475986480713,
                        1.0056949853897095,
                        0.9516810178756714,
                        1.0414531230926514,
                        1.0129005908966064,
                        1.114425778388977,
                        1.1192399263381958,
                        1.3403587341308594,
                        1.2756468057632446,
                        1.2942322492599487,
                        1.378767490386963,
                        1.4026718139648438,
                        1.4603062868118286,
                        1.49501371383667,
                        1.5731000900268555,
                        1.492349624633789,
                        1.304977536201477,
                        1.2293781042099
                    ],
                    [
                        -2.509875535964966,
                        -2.3428406715393066,
                        -2.2790651321411133,
                        -2.2274718284606934,
                        -2.402726650238037,
                        -2.293848752975464,
                        -2.441376209259033,
                        -2.4813084602355957,
                        -2.611048698425293,
                        -2.5096049308776855,
                        -2.702960968017578,
                        -2.89251446723938,
                        -2.8957273960113525,
                        -2.79306697845459,
                        -2.737046480178833,
                        -2.723968744277954,
                        -2.790055513381958,
                        -2.710531234741211,
                        -2.6518313884735107,
                        -2.8527708053588867
                    ]
                ]
            ],
            "states": [
                [
                    [
                        5603760.0,
                        1.8195280063082464e-05,
                        0.00019109471759293228,
                        502731.65625
                    ],
                    [
                        5502400.0,
                        1.778137630026322e-05,
                        0.00025023153284564614,
                        515799.5
                    ],
                    [
                        3495337.0,
                        2.0890449377475306e-05,
                        0.000305382302030921,
                        476338.21875
                    ],
                    [
                        1255416.0,
                        5.187569695408456e-05,
                        0.00029567780438810587,
                        761957.25
                    ],
                    [
                        2240056.0,
                        5.151751611265354e-05,
                        0.00033060877467505634,
                        603144.3125
                    ],
                    [
                        3857472.0,
                        4.8557489208178595e-05,
                        0.0031183171086013317,
                        533986.8125
                    ],
                    [
                        4274496.0,
                        4.78329966426827e-05,
                        0.0025027666706591845,
                        540291.25
                    ],
                    [
                        4416400.0,
                        4.7082099627004936e-05,
                        0.0014389286516234279,
                        565093.875
                    ],
                    [
                        8094320.0,
                        4.604376954375766e-05,
                        0.0007658242247998714,
                        548988.375
                    ],
                    [
                        6445048.0,
                        4.488962440518662e-05,
                        0.00038344759377650917,
                        548654.4375
                    ],
                    [
                        5370632.0,
                        4.3993775761919096e-05,
                        0.00022289676417130977,
                        576383.875
                    ],
                    [
                        4669800.0,
                        4.3260322854621336e-05,
                        0.00016156068886630237,
                        587927.8125
                    ],
                    [
                        5024560.0,
                        4.257538603269495e-05,
                        0.0001406134688295424,
                        551057.8125
                    ],
                    [
                        5088272.0,
                        4.1883507947204635e-05,
                        0.00015407148748636246,
                        546541.25
                    ],
                    [
                        5479232.0,
                        4.118427023058757e-05,
                        0.00013193934864830226,
                        600107.125
                    ],
                    [
                        4853696.0,
                        4.0522416384192184e-05,
                        0.000135277965455316,
                        557284.125
                    ],
                    [
                        4022544.0,
                        3.997057501692325e-05,
                        0.0001415384467691183,
                        635772.1875
                    ],
                    [
                        3612760.0,
                        3.950786776840687e-05,
                        0.0001762084721121937,
                        576885.25
                    ],
                    [
                        3773488.0,
                        3.907046266249381e-05,
                        0.000310274597723037,
                        547162.9375
                    ],
                    [
                        4445360.0,
                        3.8595113437622786e-05,
                        0.00025462565827183425,
                        623805.0
                    ]
                ]
            ],
            "actions": [
                [
                    [
                        0.5
                    ],
                    [
                        0.5
                    ],
                    [
                        0.5
                    ],
                    [
                        0.5
                    ],
                    [
                        0.5
                    ],
                    [
                        0.5
                    ],
                    [
                        0.5
                    ],
                    [
                        0.5
                    ],
                    [
                        0.5
                    ],
                    [
                        0.5
                    ],
                    [
                        0.5
                    ],
                    [
                        0.5
                    ],
                    [
                        0.5
                    ],
                    [
                        0.5
                    ],
                    [
                        0.5
                    ],
                    [
                        0.5
                    ],
                    [
                        0.5
                    ],
                    [
                        0.5
                    ],
                    [
                        0.5
                    ],
                    [
                        0.5
                    ]
                ]
            ],
            "returns": [
                [
                    [
                        0.1523428112268448
                    ],
                    [
                        0.15140515565872192
                    ],
                    [
                        0.150469109416008
                    ],
                    [
                        0.14957329630851746
                    ],
                    [
                        0.14876827597618103
                    ],
                    [
                        0.1479119062423706
                    ],
                    [
                        0.14700736105442047
                    ],
                    [
                        0.1460937112569809
                    ],
                    [
                        0.14517715573310852
                    ],
                    [
                        0.14420689642429352
                    ],
                    [
                        0.14325684309005737
                    ],
                    [
                        0.14232294261455536
                    ],
                    [
                        0.14140145480632782
                    ],
                    [
                        0.14047347009181976
                    ],
                    [
                        0.13954436779022217
                    ],
                    [
                        0.13860870897769928
                    ],
                    [
                        0.13768377900123596
                    ],
                    [
                        0.13677552342414856
                    ],
                    [
                        0.13587677478790283
                    ],
                    [
                        0.1349741816520691
                    ]
                ]
            ],
            "timesteps": [
                [
                    460,
                    461,
                    462,
                    463,
                    464,
                    465,
                    466,
                    467,
                    468,
                    469,
                    470,
                    471,
                    472,
                    473,
                    474,
                    475,
                    476,
                    477,
                    478,
                    479
                ]
            ],
            "labels": [
                [
                    1,
                    1,
                    1,
                    1,
                    1,
                    1,
                    1,
                    1,
                    1,
                    1,
                    1,
                    1,
                    1,
                    1,
                    1,
                    1,
                    1,
                    1,
                    1,
                    1
                ]
            ],
            "CPU Usage": 46.7,
            "RAM Usage": 55.1,
            "GPU Usage": 0.0,
            "VRAM Usage": 356.0,
            "Disk Read Speed (MB/s)": 206643.9833984375,
            "Disk Write Speed (MB/s)": 409136.4306640625
        },
        {
            "step": 2,
            "train_loss": 0.031285904347896576,
            "actions_pred1": [
                [
                    [
                        0.6817976832389832,
                        1.5505551099777222,
                        1.6327866315841675,
                        -3.35575532913208
                    ],
                    [
                        0.6101488471031189,
                        1.5787155628204346,
                        1.4859113693237305,
                        -2.7669615745544434
                    ],
                    [
                        0.6698518395423889,
                        1.4694278240203857,
                        1.5754269361495972,
                        -2.9727420806884766
                    ],
                    [
                        0.7083221077919006,
                        1.2628915309906006,
                        1.6552890539169312,
                        -3.062317132949829
                    ],
                    [
                        0.649438738822937,
                        1.4223499298095703,
                        1.9196081161499023,
                        -3.3792970180511475
                    ],
                    [
                        0.532884418964386,
                        1.6549625396728516,
                        1.7825812101364136,
                        -3.697561264038086
                    ],
                    [
                        0.6464658379554749,
                        1.6259409189224243,
                        1.6859285831451416,
                        -3.73193621635437
                    ],
                    [
                        0.7158606052398682,
                        1.5450351238250732,
                        1.5586684942245483,
                        -3.617745876312256
                    ],
                    [
                        0.7974412441253662,
                        1.4872016906738281,
                        1.6242166757583618,
                        -3.5808334350585938
                    ],
                    [
                        0.6108964681625366,
                        1.2772741317749023,
                        1.5145412683486938,
                        -3.246474266052246
                    ],
                    [
                        0.789002001285553,
                        1.4233441352844238,
                        1.546353816986084,
                        -3.3618435859680176
                    ],
                    [
                        0.845037043094635,
                        1.4261908531188965,
                        1.5414437055587769,
                        -3.4927127361297607
                    ],
                    [
                        0.7307294011116028,
                        1.4983563423156738,
                        1.6718037128448486,
                        -3.650020122528076
                    ],
                    [
                        0.6630990505218506,
                        1.730065107345581,
                        1.7662297487258911,
                        -3.892218828201294
                    ],
                    [
                        0.721919059753418,
                        1.4828076362609863,
                        1.94827401638031,
                        -3.698050022125244
                    ],
                    [
                        0.6982494592666626,
                        1.500834584236145,
                        1.890869379043579,
                        -3.804408073425293
                    ],
                    [
                        0.6860525012016296,
                        1.5962960720062256,
                        1.946461796760559,
                        -3.82134747505188
                    ],
                    [
                        0.7207596898078918,
                        1.597686767578125,
                        2.0385079383850098,
                        -3.967487096786499
                    ],
                    [
                        0.8371630311012268,
                        1.597710132598877,
                        2.0470588207244873,
                        -3.7489781379699707
                    ],
                    [
                        0.7276138067245483,
                        1.521864414215088,
                        1.9854247570037842,
                        -3.919191360473633
                    ]
                ]
            ],
            "actions_pred": [
                [
                    [
                        0.6817976832389832,
                        0.6101488471031189,
                        0.6698518395423889,
                        0.7083221077919006,
                        0.649438738822937,
                        0.532884418964386,
                        0.6464658379554749,
                        0.7158606052398682,
                        0.7974412441253662,
                        0.6108964681625366,
                        0.789002001285553,
                        0.845037043094635,
                        0.7307294011116028,
                        0.6630990505218506,
                        0.721919059753418,
