{
    "steps": [
        {
            "step": 0,
            "train_loss": 0.0611877366900444,
            "actions_pred1": [
                [
                    [
                        0.14439384639263153,
                        -0.45919811725616455,
                        0.7643722295761108,
                        0.6977744698524475
                    ],
                    [
                        0.1458418220281601,
                        -0.28249332308769226,
                        0.7462636232376099,
                        0.5532246828079224
                    ],
                    [
                        0.04115181416273117,
                        -0.13696295022964478,
                        0.7289567589759827,
                        0.3838135004043579
                    ],
                    [
                        0.020004764199256897,
                        -0.09037680923938751,
                        0.8341590166091919,
                        0.3477218747138977
                    ],
                    [
                        -0.04119253158569336,
                        -0.08556686341762543,
                        0.7397672533988953,
                        0.525495171546936
                    ],
                    [
                        0.013797540217638016,
                        -0.02054022252559662,
                        0.788865327835083,
                        0.5675723552703857
                    ],
                    [
                        0.004698500037193298,
                        -0.15149608254432678,
                        0.7320607900619507,
                        0.6142659187316895
                    ],
                    [
                        -0.131565123796463,
                        -0.12680476903915405,
                        0.8822858929634094,
                        0.5275517106056213
                    ],
                    [
                        -0.1830766797065735,
                        -0.04758233577013016,
                        0.931100606918335,
                        0.509116530418396
                    ],
                    [
                        -0.18381252884864807,
                        -0.1231975257396698,
                        0.8083987832069397,
                        0.5579962134361267
                    ],
                    [
                        -0.2487340122461319,
                        -0.047697216272354126,
                        0.888289213180542,
                        0.463767945766449
                    ],
                    [
                        -0.08879698812961578,
                        -0.027457043528556824,
                        0.9921151399612427,
                        0.705883264541626
                    ],
                    [
                        -0.0974569097161293,
                        -0.03083237260580063,
                        0.9420068860054016,
                        0.37634599208831787
                    ],
                    [
                        -0.22303315997123718,
                        -0.014629974961280823,
                        0.9579855799674988,
                        0.48002445697784424
                    ],
                    [
                        -0.2279248833656311,
                        0.0031933076679706573,
                        1.0217489004135132,
                        0.4963260293006897
                    ],
                    [
                        -0.12764355540275574,
                        0.008220747113227844,
                        1.0097479820251465,
                        0.610403299331665
                    ],
                    [
                        -0.2226056307554245,
                        -0.056141696870326996,
                        0.9649590253829956,
                        0.6404495239257812
                    ],
                    [
                        -0.3424147069454193,
                        -0.08682858943939209,
                        0.8484902381896973,
                        0.607839047908783
                    ],
                    [
                        -0.1949496567249298,
                        -0.17205221951007843,
                        0.8078333735466003,
                        0.6878136396408081
                    ],
                    [
                        -0.3011992573738098,
                        -0.09098300337791443,
                        0.8811376094818115,
                        0.644792377948761
                    ]
                ]
            ],
            "actions_pred": [
                [
                    [
                        0.14439384639263153,
                        0.1458418220281601,
                        0.04115181416273117,
                        0.020004764199256897,
                        -0.04119253158569336,
                        0.013797540217638016,
                        0.004698500037193298,
                        -0.131565123796463,
                        -0.1830766797065735,
                        -0.18381252884864807,
                        -0.2487340122461319,
                        -0.08879698812961578,
                        -0.0974569097161293,
                        -0.22303315997123718,
                        -0.2279248833656311,
                        -0.12764355540275574,
                        -0.2226056307554245,
                        -0.3424147069454193,
                        -0.1949496567249298,
                        -0.3011992573738098
                    ],
                    [
                        -0.45919811725616455,
                        -0.28249332308769226,
                        -0.13696295022964478,
                        -0.09037680923938751,
                        -0.08556686341762543,
                        -0.02054022252559662,
                        -0.15149608254432678,
                        -0.12680476903915405,
                        -0.04758233577013016,
                        -0.1231975257396698,
                        -0.047697216272354126,
                        -0.027457043528556824,
                        -0.03083237260580063,
                        -0.014629974961280823,
                        0.0031933076679706573,
                        0.008220747113227844,
                        -0.056141696870326996,
                        -0.08682858943939209,
                        -0.17205221951007843,
                        -0.09098300337791443
                    ],
                    [
                        0.7643722295761108,
                        0.7462636232376099,
                        0.7289567589759827,
                        0.8341590166091919,
                        0.7397672533988953,
                        0.788865327835083,
                        0.7320607900619507,
                        0.8822858929634094,
                        0.931100606918335,
                        0.8083987832069397,
                        0.888289213180542,
                        0.9921151399612427,
                        0.9420068860054016,
                        0.9579855799674988,
                        1.0217489004135132,
                        1.0097479820251465,
                        0.9649590253829956,
                        0.8484902381896973,
                        0.8078333735466003,
                        0.8811376094818115
                    ],
                    [
                        0.6977744698524475,
                        0.5532246828079224,
                        0.3838135004043579,
                        0.3477218747138977,
                        0.525495171546936,
                        0.5675723552703857,
                        0.6142659187316895,
                        0.5275517106056213,
                        0.509116530418396,
                        0.5579962134361267,
                        0.463767945766449,
                        0.705883264541626,
                        0.37634599208831787,
                        0.48002445697784424,
                        0.4963260293006897,
                        0.610403299331665,
                        0.6404495239257812,
                        0.607839047908783,
                        0.6878136396408081,
                        0.644792377948761
                    ]
                ]
            ],
            "states": [
                [
                    [
                        4843560.0,
                        2.424415470159147e-05,
                        0.00033060877467505634,
                        578357.375
                    ],
                    [
                        5799240.0,
                        2.295832928211894e-05,
                        0.0031183171086013317,
                        515791.3125
                    ],
                    [
                        4623464.0,
                        2.2749398340238258e-05,
                        0.0025027666706591845,
                        635101.375
                    ],
                    [
                        4743648.0,
                        2.2564916434930637e-05,
                        0.0014389286516234279,
                        594770.9375
                    ],
                    [
                        2644227.0,
                        0.009791561402380466,
                        0.003044134471565485,
                        425038.1875
                    ],
                    [
                        9469920.0,
                        0.0006961323670111597,
                        0.00288664479739964,
                        440941.21875
                    ],
                    [
                        5718152.0,
                        0.00029342120978981256,
                        0.0027106136549264193,
                        528296.5625
                    ],
                    [
                        2943784.0,
                        0.00022529042325913906,
                        0.0027518118731677532,
                        461782.90625
                    ],
                    [
                        1387184.0,
                        0.0002022606786340475,
                        0.0026009255088865757,
                        650753.875
                    ],
                    [
                        490872.0,
                        0.00019373110262677073,
                        0.002423960482701659,
                        624566.0
                    ],
                    [
                        260640.0,
                        0.00019053270807489753,
                        0.002274049213156104,
                        567144.625
                    ],
                    [
                        201272.0,
                        0.00018862112483475357,
                        0.0023237415589392185,
                        604014.4375
                    ],
                    [
                        152040.0,
                        0.00018718479259405285,
                        0.0021793735213577747,
                        487596.375
                    ],
                    [
                        117288.0,
                        0.00018610460392665118,
                        0.002523052040487528,
                        579471.3125
                    ],
                    [
                        123080.0,
                        0.0001851513225119561,
                        0.002231767401099205,
                        401703.1875
                    ],
                    [
                        70952.0,
                        0.00018438858387526125,
                        0.0032643231097608805,
                        840606.75
                    ],
                    [
                        131768.0,
                        0.0001835990115068853,
                        0.0020812072325497866,
                        190522.296875
                    ],
                    [
                        144800.0,
                        0.00018253228336106986,
                        0.0015903349267318845,
                        318817.125
                    ],
                    [
                        173760.0,
                        0.0001813189737731591,
                        0.0016534600872546434,
                        316928.125
                    ],
                    [
                        181000.0,
                        0.0001799864403437823,
                        0.0014106292510405183,
                        219901.125
                    ]
                ]
            ],
            "actions": [
                [
                    [
                        0.5
                    ],
                    [
                        0.5
                    ],
                    [
                        0.5
                    ],
                    [
                        0.5
                    ],
                    [
                        0.25
                    ],
                    [
                        0.25
                    ],
                    [
                        0.25
                    ],
                    [
                        0.25
                    ],
                    [
                        0.25
                    ],
                    [
                        0.25
                    ],
                    [
                        0.25
                    ],
                    [
                        0.25
                    ],
                    [
                        0.25
                    ],
                    [
                        0.25
                    ],
                    [
                        0.25
                    ],
                    [
                        0.25
                    ],
                    [
                        0.25
                    ],
                    [
                        0.25
                    ],
                    [
                        0.25
                    ],
                    [
                        0.25
                    ]
                ]
            ],
            "returns": [
                [
                    [
                        0.09717193245887756
                    ],
                    [
                        0.09624720364809036
                    ],
                    [
                        0.09530650824308395
                    ],
                    [
                        0.09438589215278625
                    ],
                    [
                        0.09346301108598709
                    ],
                    [
                        0.09259194135665894
                    ],
                    [
                        0.09160776436328888
                    ],
                    [
                        0.09066831320524216
                    ],
                    [
                        0.08978772908449173
                    ],
                    [
                        0.08897385746240616
                    ],
                    [
                        0.08825208246707916
                    ],
                    [
                        0.0875864326953888
                    ],
                    [
                        0.08694369345903397
                    ],
                    [
                        0.08632583171129227
                    ],
                    [
                        0.08573097735643387
                    ],
                    [
                        0.08513184636831284
                    ],
                    [
                        0.08458154648542404
                    ],
                    [
                        0.0839763730764389
                    ],
                    [
                        0.08336283266544342
                    ],
                    [
                        0.08273313194513321
                    ]
                ]
            ],
            "timesteps": [
                [
                    520,
                    521,
                    522,
                    523,
                    524,
                    525,
                    526,
                    527,
                    528,
                    529,
                    530,
                    531,
                    532,
                    533,
                    534,
                    535,
                    536,
                    537,
                    538,
                    539
                ]
            ],
            "labels": [
                [
                    1,
                    1,
                    1,
                    1,
                    0,
                    0,
                    0,
                    0,
                    0,
                    0,
                    0,
                    0,
                    0,
                    0,
                    0,
                    0,
                    0,
                    0,
                    0,
                    0
                ]
            ],
            "CPU Usage": 48.3,
            "RAM Usage": 58.5,
            "GPU Usage": 0.0,
            "VRAM Usage": 378.0,
            "Disk Read Speed (MB/s)": 190606.0419921875,
            "Disk Write Speed (MB/s)": 283327.9931640625
        },
        {
            "step": 1,
            "train_loss": 0.06627824902534485,
            "actions_pred1": [
                [
                    [
                        -0.21965330839157104,
                        -0.0809122622013092,
                        0.7149167060852051,
                        0.39313530921936035
                    ],
                    [
                        -0.2873042821884155,
                        0.046935729682445526,
                        0.6833027601242065,
                        0.6482945680618286
                    ],
                    [
                        -0.4335399866104126,
                        -0.03259841352701187,
                        0.4164178967475891,
                        0.7645573019981384
                    ],
                    [
                        -0.46568071842193604,
                        -0.03854380548000336,
                        0.40599241852760315,
                        0.6785867214202881
                    ],
                    [
                        -0.361418753862381,
                        -0.07825438678264618,
                        0.5621973276138306,
                        0.5541318655014038
                    ],
                    [
                        -0.427406907081604,
                        -0.0215727761387825,
                        0.745918333530426,
                        0.5461317896842957
                    ],
                    [
                        -0.48368707299232483,
                        -0.05906033515930176,
                        0.8492525815963745,
                        0.44116610288619995
                    ],
                    [
                        -0.6616833209991455,
                        -0.03582353889942169,
                        0.8427156805992126,
                        0.41073837876319885
                    ],
                    [
                        -0.5251294374465942,
                        -0.004324272274971008,
                        0.8934601545333862,
                        0.4513280391693115
                    ],
                    [
                        -0.5758571624755859,
                        -0.018168866634368896,
                        0.9983526468276978,
                        0.4593864381313324
                    ],
                    [
                        -0.6100855469703674,
                        -0.049285680055618286,
                        0.9144041538238525,
                        0.45406001806259155
                    ],
                    [
                        -0.3286939859390259,
                        -0.21877089142799377,
                        0.9097092747688293,
                        0.4300956428050995
                    ],
                    [
                        -0.45445871353149414,
                        -0.20281529426574707,
                        0.8979450464248657,
                        0.48527562618255615
                    ],
                    [
                        -0.42714595794677734,
                        -0.23002398014068604,
                        0.8256540894508362,
                        0.35718241333961487
                    ],
                    [
                        -0.34751465916633606,
                        -0.10828956216573715,
                        0.8151484727859497,
                        0.437301367521286
                    ],
                    [
                        -0.38278988003730774,
                        -0.09294789284467697,
                        0.8628016710281372,
                        0.3496778607368469
                    ],
                    [
                        -0.4291616678237915,
                        -0.018355287611484528,
                        0.8749331831932068,
                        0.38880810141563416
                    ],
                    [
                        -0.39776766300201416,
                        -0.0435711070895195,
                        0.8057113885879517,
                        0.48833781480789185
                    ],
                    [
                        -0.3930736780166626,
                        -0.09636957198381424,
                        0.8715459108352661,
                        0.40401628613471985
                    ],
                    [
                        -0.39677733182907104,
                        -0.2308107614517212,
                        0.8361395597457886,
                        0.46431607007980347
                    ]
                ]
            ],
            "actions_pred": [
                [
                    [
                        -0.21965330839157104,
                        -0.2873042821884155,
                        -0.4335399866104126,
                        -0.46568071842193604,
                        -0.361418753862381,
                        -0.427406907081604,
                        -0.48368707299232483,
                        -0.6616833209991455,
                        -0.5251294374465942,
                        -0.5758571624755859,
                        -0.6100855469703674,
                        -0.3286939859390259,
                        -0.45445871353149414,
                        -0.42714595794677734,
                        -0.34751465916633606,
                        -0.38278988003730774,
                        -0.4291616678237915,
                        -0.39776766300201416,
                        -0.3930736780166626,
                        -0.39677733182907104
                    ],
                    [
                        -0.0809122622013092,
                        0.046935729682445526,
                        -0.03259841352701187,
                        -0.03854380548000336,
                        -0.07825438678264618,
                        -0.0215727761387825,
                        -0.05906033515930176,
                        -0.03582353889942169,
                        -0.004324272274971008,
                        -0.018168866634368896,
                        -0.049285680055618286,
                        -0.21877089142799377,
                        -0.20281529426574707,
                        -0.23002398014068604,
                        -0.10828956216573715,
                        -0.09294789284467697,
                        -0.018355287611484528,
                        -0.0435711070895195,
                        -0.09636957198381424,
                        -0.2308107614517212
                    ],
                    [
                        0.7149167060852051,
                        0.6833027601242065,
                        0.4164178967475891,
                        0.40599241852760315,
                        0.5621973276138306,
                        0.745918333530426,
                        0.8492525815963745,
                        0.8427156805992126,
                        0.8934601545333862,
                        0.9983526468276978,
                        0.9144041538238525,
                        0.9097092747688293,
                        0.8979450464248657,
                        0.8256540894508362,
                        0.8151484727859497,
                        0.8628016710281372,
                        0.8749331831932068,
                        0.8057113885879517,
                        0.8715459108352661,
                        0.8361395597457886
                    ],
                    [
                        0.39313530921936035,
                        0.6482945680618286,
                        0.7645573019981384,
                        0.6785867214202881,
                        0.5541318655014038,
                        0.5461317896842957,
                        0.44116610288619995,
                        0.41073837876319885,
                        0.4513280391693115,
                        0.4593864381313324,
                        0.45406001806259155,
                        0.4300956428050995,
                        0.48527562618255615,
                        0.35718241333961487,
                        0.437301367521286,
                        0.3496778607368469,
                        0.38880810141563416,
                        0.48833781480789185,
                        0.40401628613471985,
                        0.46431607007980347
                    ]
                ]
            ],
            "states": [
                [
                    [
                        6621704.0,
                        1.1313585673633497e-05,
                        0.0001999229716602713,
                        484312.6875
                    ],
                    [
                        5593624.0,
                        1.1206535418750718e-05,
                        0.0002002958208322525,
                        482520.40625
                    ],
                    [
                        5813720.0,
                        1.1108420039818157e-05,
                        0.0002003357367357239,
                        504661.125
                    ],
                    [
                        6207576.0,
                        1.1006884960806929e-05,
                        0.00022690219338983297,
                        474948.0
                    ],
                    [
                        8008888.0,
                        1.0889214536291547e-05,
                        0.00020534798386506736,
                        464277.84375
                    ],
                    [
                        6072912.0,
                        1.0774994734674692e-05,
                        0.00021573639241978526,
                        487907.71875
                    ],
                    [
                        5771728.0,
                        1.0680801096896175e-05,
                        0.00024723794194869697,
                        495985.625
                    ],
                    [
                        6184408.0,
                        1.058739326253999e-05,
                        0.00024693002342246473,
                        490380.28125
                    ],
                    [
                        5453168.0,
                        1.0498003575776238e-05,
                        0.00023204070748761296,
                        479010.4375
                    ],
                    [
                        5473440.0,
                        1.0415451470180415e-05,
                        0.00018021401774603873,
                        503120.46875
                    ],
                    [
                        5495160.0,
                        1.0333877071388997e-05,
                        0.0002400711819063872,
                        501130.78125
                    ],
                    [
                        5522672.0,
                        1.0253213076794054e-05,
                        0.000246424344368279,
                        482833.53125
                    ],
                    [
                        5845344.0,
                        1.0171300345973577e-05,
                        0.0002318411279702559,
                        521404.9375
                    ],
                    [
                        5531592.0,
                        1.0090602700074669e-05,
                        0.00026174713275395334,
                        512859.59375
                    ],
                    [
                        5728288.0,
                        1.0011996891989838e-05,
                        0.0002589555806480348,
                        492848.15625
                    ],
                    [
                        8446184.0,
                        9.914833754010033e-06,
                        0.0002588448696769774,
                        439526.84375
                    ],
                    [
                        5611000.0,
                        9.82020083029056e-06,
                        0.0002629015070851892,
                        482211.375
                    ],
                    [
                        5854264.0,
                        9.744398084876593e-06,
                        0.00024613598361611366,
                        493941.5
                    ],
                    [
                        5595072.0,
                        9.669850442151073e-06,
                        0.00026028408319689333,
                        487503.5625
                    ],
                    [
                        5576248.0,
                        9.598206816008314e-06,
                        0.000249440228799358,
                        493113.71875
                    ]
                ]
            ],
            "actions": [
                [
                    [
                        0.25
                    ],
                    [
                        0.25
                    ],
                    [
                        0.25
                    ],
                    [
                        0.25
                    ],
                    [
                        0.25
                    ],
                    [
                        0.25
                    ],
                    [
                        0.25
                    ],
                    [
                        0.25
                    ],
                    [
                        0.25
                    ],
                    [
                        0.25
                    ],
                    [
                        0.25
                    ],
                    [
                        0.25
                    ],
                    [
                        0.25
                    ],
                    [
                        0.25
                    ],
                    [
                        0.25
                    ],
                    [
                        0.25
                    ],
                    [
                        0.25
                    ],
                    [
                        0.25
                    ],
                    [
                        0.25
                    ],
                    [
                        0.25
                    ]
                ]
            ],
            "returns": [
                [
                    [
                        0.22746260464191437
                    ],
                    [
                        0.22651013731956482
                    ],
                    [
                        0.2255726456642151
                    ],
                    [
                        0.22463172674179077
                    ],
                    [
                        0.22368499636650085
                    ],
                    [
                        0.22271567583084106
                    ],
                    [
                        0.22177089750766754
                    ],
                    [
                        0.22083061933517456
                    ],
                    [
                        0.2198842167854309
                    ],
                    [
                        0.21894897520542145
                    ],
                    [
                        0.21801340579986572
                    ],
                    [
                        0.21707747876644135
                    ],
                    [
                        0.21614111959934235
                    ],
                    [
                        0.21519970893859863
                    ],
                    [
                        0.2142632007598877
                    ],
                    [
                        0.21332359313964844
                    ],
                    [
                        0.2123495638370514
                    ],
                    [
                        0.21141178905963898
                    ],
                    [
                        0.2104702591896057
                    ],
                    [
                        0.2095327377319336
                    ]
                ]
            ],
            "timesteps": [
                [
                    380,
                    381,
                    382,
                    383,
                    384,
                    385,
                    386,
                    387,
                    388,
                    389,
                    390,
                    391,
                    392,
                    393,
                    394,
                    395,
                    396,
                    397,
                    398,
                    399
                ]
            ],
            "labels": [
                [
                    0,
                    0,
                    0,
                    0,
                    0,
                    0,
                    0,
                    0,
                    0,
                    0,
                    0,
                    0,
                    0,
                    0,
                    0,
                    0,
                    0,
                    0,
                    0,
                    0
                ]
            ],
            "CPU Usage": 47.8,
            "RAM Usage": 59.0,
            "GPU Usage": 0.0,
            "VRAM Usage": 376.0,
            "Disk Read Speed (MB/s)": 190606.0419921875,
            "Disk Write Speed (MB/s)": 283328.2353515625
        },
        {
            "step": 2,
            "train_loss": 0.05182865262031555,
            "actions_pred1": [
                [
                    [
                        -0.44386154413223267,
                        -0.34526360034942627,
                        0.20533427596092224,
                        0.3481244444847107
                    ],
                    [
                        -0.39463239908218384,
                        -0.30632394552230835,
                        0.46804171800613403,
                        0.39213499426841736
                    ],
                    [
                        -0.317246675491333,
                        -0.2876714766025543,
                        0.40434661507606506,
                        0.30297067761421204
                    ],
                    [
                        -0.27776217460632324,
                        -0.26952069997787476,
                        0.4426589012145996,
                        0.2246294617652893
                    ],
                    [
                        -0.16135068237781525,
                        -0.26295679807662964,
                        0.1997670829296112,
                        0.05938750505447388
                    ],
                    [
                        -0.0557851642370224,
                        -0.14251035451889038,
                        0.37958669662475586,
                        0.02709364891052246
                    ],
                    [
                        -0.05882558226585388,
                        -0.03623713552951813,
                        0.4770413041114807,
                        0.02419421076774597
                    ],
                    [
                        -0.03960718214511871,
                        -0.019413508474826813,
                        0.5694128274917603,
                        0.22393551468849182
                    ],
                    [
                        -0.2043941766023636,
                        -0.003061167895793915,
                        0.44862163066864014,
                        0.17356988787651062
                    ],
                    [
                        -0.1728568971157074,
                        -0.11591988056898117,
                        0.6643160581588745,
                        0.2487967312335968
                    ],
                    [
                        -0.23384103178977966,
                        -0.2049493044614792,
                        0.6107396483421326,
                        0.20726272463798523
                    ],
                    [
                        -0.4210493564605713,
                        -0.19497612118721008,
                        0.6034495830535889,
                        0.198356032371521
                    ],
                    [
                        -0.43172889947891235,
                        -0.07939580082893372,
                        0.641377866268158,
                        0.24439114332199097
                    ],
                    [
                        -0.40865880250930786,
                        -0.02589854970574379,
                        0.6418431997299194,
                        0.2986730933189392
                    ],
                    [
                        -0.37978214025497437,
                        -0.0991298034787178,
                        0.5559093356132507,
                        0.2566554546356201
                    ],
                    [
                        -0.3456993103027344,
                        -0.03483280912041664,
                        0.5359355211257935,
                        0.18094781041145325
                    ],
                    [
                        -0.17164233326911926,
                        -0.08155681192874908,
                        0.4537133574485779,
                        0.18919572234153748
                    ],
                    [
                        -0.23620948195457458,
                        -0.06558138132095337,
                        0.5181718468666077,
                        0.3106655180454254
                    ],
                    [
                        -0.3211817741394043,
                        -0.017225172370672226,
                        0.7017859816551208,
                        0.24773520231246948
                    ],
                    [
                        -0.292716383934021,
                        -0.11560631543397903,
                        0.8383862376213074,
                        0.23386794328689575
                    ]
                ]
            ],
            "actions_pred": [
                [
                    [
                        -0.44386154413223267,
                        -0.39463239908218384,
                        -0.317246675491333,
                        -0.27776217460632324,
                        -0.16135068237781525,
