{
    "steps": [
        {
            "step": 0,
            "train_loss": 0.054200150072574615,
            "actions_pred1": [
                [
                    [
                        -0.613782525062561,
                        -0.8775826096534729,
                        -0.08745811879634857,
                        0.06292939186096191
                    ],
                    [
                        -0.6788976192474365,
                        -0.46623319387435913,
                        -0.05872121453285217,
                        0.38466471433639526
                    ],
                    [
                        -0.6475802063941956,
                        -0.37254902720451355,
                        0.04645419120788574,
                        0.38317418098449707
                    ],
                    [
                        -0.6300992369651794,
                        -0.2607288360595703,
                        0.1937544196844101,
                        0.31079334020614624
                    ],
                    [
                        -0.6662885546684265,
                        -0.3966638743877411,
                        0.21092890202999115,
                        0.2595330774784088
                    ],
                    [
                        -0.6757158637046814,
                        -0.3110496997833252,
                        0.4026259183883667,
                        0.1750098466873169
                    ],
                    [
                        -0.661403477191925,
                        -0.4160137176513672,
                        0.38157594203948975,
                        0.28408926725387573
                    ],
                    [
                        -0.6512616872787476,
                        -0.4334277808666229,
                        0.31165820360183716,
                        0.41677093505859375
                    ],
                    [
                        -0.7520228028297424,
                        -0.48622822761535645,
                        0.3134666085243225,
                        0.2832222878932953
                    ],
                    [
                        -0.8313130140304565,
                        -0.4707227349281311,
                        0.2704235315322876,
                        0.2813498377799988
                    ],
                    [
                        -0.7285978198051453,
                        -0.23920750617980957,
                        0.44271695613861084,
                        0.2985946536064148
                    ],
                    [
                        -0.8121105432510376,
                        -0.2889707684516907,
                        0.43012893199920654,
                        0.4623556435108185
                    ],
                    [
                        -0.8067355155944824,
                        -0.3131008744239807,
                        0.47845321893692017,
                        0.420550674200058
                    ],
                    [
                        -0.7964953780174255,
                        -0.25683289766311646,
                        0.5495312213897705,
                        0.415580153465271
                    ],
                    [
                        -0.8115881681442261,
                        -0.2785502076148987,
                        0.49921613931655884,
                        0.3198539614677429
                    ],
                    [
                        -0.8480629324913025,
                        -0.2829098105430603,
                        0.41682660579681396,
                        0.3927093744277954
                    ],
                    [
                        -0.7697487473487854,
                        -0.31460124254226685,
                        0.4477555751800537,
                        0.2699398994445801
                    ],
                    [
                        -0.8251025676727295,
                        -0.32803821563720703,
                        0.4127437174320221,
                        0.2596513628959656
                    ],
                    [
                        -0.7260928153991699,
                        -0.09871240705251694,
                        0.3464529812335968,
                        0.412668913602829
                    ],
                    [
                        -0.6868475079536438,
                        -0.262844979763031,
                        0.4563499093055725,
                        0.36141324043273926
                    ]
                ]
            ],
            "actions_pred": [
                [
                    [
                        -0.613782525062561,
                        -0.6788976192474365,
                        -0.6475802063941956,
                        -0.6300992369651794,
                        -0.6662885546684265,
                        -0.6757158637046814,
                        -0.661403477191925,
                        -0.6512616872787476,
                        -0.7520228028297424,
                        -0.8313130140304565,
                        -0.7285978198051453,
                        -0.8121105432510376,
                        -0.8067355155944824,
                        -0.7964953780174255,
                        -0.8115881681442261,
                        -0.8480629324913025,
                        -0.7697487473487854,
                        -0.8251025676727295,
                        -0.7260928153991699,
                        -0.6868475079536438
                    ],
                    [
                        -0.8775826096534729,
                        -0.46623319387435913,
                        -0.37254902720451355,
                        -0.2607288360595703,
                        -0.3966638743877411,
                        -0.3110496997833252,
                        -0.4160137176513672,
                        -0.4334277808666229,
                        -0.48622822761535645,
                        -0.4707227349281311,
                        -0.23920750617980957,
                        -0.2889707684516907,
                        -0.3131008744239807,
                        -0.25683289766311646,
                        -0.2785502076148987,
                        -0.2829098105430603,
                        -0.31460124254226685,
                        -0.32803821563720703,
                        -0.09871240705251694,
                        -0.262844979763031
                    ],
                    [
                        -0.08745811879634857,
                        -0.05872121453285217,
                        0.04645419120788574,
                        0.1937544196844101,
                        0.21092890202999115,
                        0.4026259183883667,
                        0.38157594203948975,
                        0.31165820360183716,
                        0.3134666085243225,
                        0.2704235315322876,
                        0.44271695613861084,
                        0.43012893199920654,
                        0.47845321893692017,
                        0.5495312213897705,
                        0.49921613931655884,
                        0.41682660579681396,
                        0.4477555751800537,
                        0.4127437174320221,
                        0.3464529812335968,
                        0.4563499093055725
                    ],
                    [
                        0.06292939186096191,
                        0.38466471433639526,
                        0.38317418098449707,
                        0.31079334020614624,
                        0.2595330774784088,
                        0.1750098466873169,
                        0.28408926725387573,
                        0.41677093505859375,
                        0.2832222878932953,
                        0.2813498377799988,
                        0.2985946536064148,
                        0.4623556435108185,
                        0.420550674200058,
                        0.415580153465271,
                        0.3198539614677429,
                        0.3927093744277954,
                        0.2699398994445801,
                        0.2596513628959656,
                        0.412668913602829,
                        0.36141324043273926
                    ]
                ]
            ],
            "states": [
                [
                    [
                        3840096.0,
                        2.92694730887888e-05,
                        0.00022606240236200392,
                        669392.5
                    ],
                    [
                        5186736.0,
                        2.8975890018045902e-05,
                        0.0002532026555854827,
                        623919.4375
                    ],
                    [
                        4765368.0,
                        2.86587583104847e-05,
                        0.0002667571825440973,
                        632646.8125
                    ],
                    [
                        6161240.0,
                        2.8318694603512995e-05,
                        0.00026687141507864,
                        545136.5625
                    ],
                    [
                        6174272.0,
                        2.7944166504312307e-05,
                        0.0002529114135541022,
                        614846.3125
                    ],
                    [
                        5751456.0,
                        2.7591326215770096e-05,
                        0.0002583715249784291,
                        530205.9375
                    ],
                    [
                        7742456.0,
                        2.720300471992232e-05,
                        0.001365873496979475,
                        538990.625
                    ],
                    [
                        6206128.0,
                        2.6812451324076392e-05,
                        0.0008239395683631301,
                        520321.9375
                    ],
                    [
                        5211352.0,
                        2.6501078536966816e-05,
                        0.0005388445570133626,
                        565831.875
                    ],
                    [
                        4737856.0,
                        2.623563341330737e-05,
                        0.0005018769879825413,
                        557744.25
                    ],
                    [
                        3256552.0,
                        2.6026094928965904e-05,
                        0.0005396626074798405,
                        583406.625
                    ],
                    [
                        2370376.0,
                        2.588063398434315e-05,
                        0.00039070475031621754,
                        599303.875
                    ],
                    [
                        3150848.0,
                        2.573955680418294e-05,
                        0.00037147922557778656,
                        638024.3125
                    ],
                    [
                        4121008.0,
                        2.5556088075973094e-05,
                        0.00035373689024709165,
                        613075.625
                    ],
                    [
                        3627240.0,
                        2.5363364329678006e-05,
                        0.0003472233365755528,
                        713559.4375
                    ],
                    [
                        4171688.0,
                        2.5172355890390463e-05,
                        0.00021890846255701035,
                        610763.0
                    ],
                    [
                        2390648.0,
                        2.501373273844365e-05,
                        0.00019109471759293228,
                        629310.5
                    ],
                    [
                        3237728.0,
                        2.487938036210835e-05,
                        0.00025023153284564614,
                        525239.375
                    ],
                    [
                        5175152.0,
                        2.4681297873030417e-05,
                        0.000305382302030921,
                        610625.375
                    ],
                    [
                        4510520.0,
                        2.445693280606065e-05,
                        0.00029567780438810587,
                        582702.6875
                    ]
                ]
            ],
            "actions": [
                [
                    [
                        0.5
                    ],
                    [
                        0.5
                    ],
                    [
                        0.5
                    ],
                    [
                        0.5
                    ],
                    [
                        0.5
                    ],
                    [
                        0.5
                    ],
                    [
                        0.5
                    ],
                    [
                        0.5
                    ],
                    [
                        0.5
                    ],
                    [
                        0.5
                    ],
                    [
                        0.5
                    ],
                    [
                        0.5
                    ],
                    [
                        0.5
                    ],
                    [
                        0.5
                    ],
                    [
                        0.5
                    ],
                    [
                        0.5
                    ],
                    [
                        0.5
                    ],
                    [
                        0.5
                    ],
                    [
                        0.5
                    ],
                    [
                        0.5
                    ]
                ]
            ],
            "returns": [
                [
                    [
                        0.11548818647861481
                    ],
                    [
                        0.11458403617143631
                    ],
                    [
                        0.11365323513746262
                    ],
                    [
                        0.11272994428873062
                    ],
                    [
                        0.11178387701511383
                    ],
                    [
                        0.11083762347698212
                    ],
                    [
                        0.1098976582288742
                    ],
                    [
                        0.10893134027719498
                    ],
                    [
                        0.10798463225364685
                    ],
                    [
                        0.10705341398715973
                    ],
                    [
                        0.10613063722848892
                    ],
                    [
                        0.10524109750986099
                    ],
                    [
                        0.10437972098588943
                    ],
                    [
                        0.1034931093454361
                    ],
                    [
                        0.10258270055055618
                    ],
                    [
                        0.1016836017370224
                    ],
                    [
                        0.10077211260795593
                    ],
                    [
                        0.09990997612476349
                    ],
                    [
                        0.09902095794677734
                    ],
                    [
                        0.09809035062789917
                    ]
                ]
            ],
            "timesteps": [
                [
                    500,
                    501,
                    502,
                    503,
                    504,
                    505,
                    506,
                    507,
                    508,
                    509,
                    510,
                    511,
                    512,
                    513,
                    514,
                    515,
                    516,
                    517,
                    518,
                    519
                ]
            ],
            "labels": [
                [
                    1,
                    1,
                    1,
                    1,
                    1,
                    1,
                    1,
                    1,
                    1,
                    1,
                    1,
                    1,
                    1,
                    1,
                    1,
                    1,
                    1,
                    1,
                    1,
                    1
                ]
            ],
            "CPU Usage": 45.6,
            "RAM Usage": 58.2,
            "GPU Usage": 0.0,
            "VRAM Usage": 481.0,
            "Disk Read Speed (MB/s)": 190568.509765625,
            "Disk Write Speed (MB/s)": 280624.1533203125
        },
        {
            "step": 1,
            "train_loss": 0.06359802931547165,
            "actions_pred1": [
                [
                    [
                        -0.3275757133960724,
                        -0.3045806884765625,
                        0.5925177335739136,
                        0.2744697332382202
                    ],
                    [
                        -0.3687898516654968,
                        -0.17916055023670197,
                        0.7892528176307678,
                        0.16261586546897888
                    ],
                    [
                        -0.24424472451210022,
                        -0.027256906032562256,
                        0.5752671360969543,
                        0.08378937840461731
                    ],
                    [
                        -0.2919171154499054,
                        0.06610023975372314,
                        0.39522069692611694,
                        0.10619723796844482
                    ],
                    [
                        -0.3900960683822632,
                        -0.012625902891159058,
                        0.3467140197753906,
                        0.25163930654525757
                    ],
                    [
                        -0.503312349319458,
                        -0.0029092878103256226,
                        0.5494681596755981,
                        0.23283064365386963
                    ],
                    [
                        -0.4820639193058014,
                        0.09777681529521942,
                        0.5627517104148865,
                        0.31292450428009033
                    ],
                    [
                        -0.5935832262039185,
                        0.10604800283908844,
                        0.5869775414466858,
                        0.3084791600704193
                    ],
                    [
                        -0.5784974694252014,
                        -0.050552625209093094,
                        0.6060442924499512,
                        0.08443233370780945
                    ],
                    [
                        -0.5006045699119568,
                        -0.1319648176431656,
                        0.5035556554794312,
                        0.10120657086372375
                    ],
                    [
                        -0.5951101183891296,
                        -0.05450407415628433,
                        0.6480072140693665,
                        0.1178329586982727
                    ],
                    [
                        -0.6835360527038574,
                        0.0051737576723098755,
                        0.6123391389846802,
                        0.1433885395526886
                    ],
                    [
                        -0.5183539986610413,
                        -0.04633094370365143,
                        0.5686368942260742,
                        0.22832834720611572
                    ],
                    [
                        -0.47170519828796387,
                        -0.04825478047132492,
                        0.5597601532936096,
                        0.16290384531021118
                    ],
                    [
                        -0.5454736351966858,
                        0.021928340196609497,
                        0.5914140939712524,
                        0.10527156293392181
                    ],
                    [
                        -0.5420463681221008,
                        0.10849660634994507,
                        0.7456072568893433,
                        0.1611892729997635
                    ],
                    [
                        -0.6245242357254028,
                        0.03479892015457153,
                        0.6873829960823059,
                        0.2277986705303192
                    ],
                    [
                        -0.5728039741516113,
                        0.06772689521312714,
                        0.6600599884986877,
                        0.20288893580436707
                    ],
                    [
                        -0.566181480884552,
                        0.17202363908290863,
                        0.6476891040802002,
                        0.22760480642318726
                    ],
                    [
                        -0.5603767037391663,
                        0.13057847321033478,
                        0.7910622358322144,
                        0.21601781249046326
                    ]
                ]
            ],
            "actions_pred": [
                [
                    [
                        -0.3275757133960724,
                        -0.3687898516654968,
                        -0.24424472451210022,
                        -0.2919171154499054,
                        -0.3900960683822632,
                        -0.503312349319458,
                        -0.4820639193058014,
                        -0.5935832262039185,
                        -0.5784974694252014,
                        -0.5006045699119568,
                        -0.5951101183891296,
                        -0.6835360527038574,
                        -0.5183539986610413,
                        -0.47170519828796387,
                        -0.5454736351966858,
                        -0.5420463681221008,
                        -0.6245242357254028,
                        -0.5728039741516113,
                        -0.566181480884552,
                        -0.5603767037391663
                    ],
                    [
                        -0.3045806884765625,
                        -0.17916055023670197,
                        -0.027256906032562256,
                        0.06610023975372314,
                        -0.012625902891159058,
                        -0.0029092878103256226,
                        0.09777681529521942,
                        0.10604800283908844,
                        -0.050552625209093094,
                        -0.1319648176431656,
                        -0.05450407415628433,
                        0.0051737576723098755,
                        -0.04633094370365143,
                        -0.04825478047132492,
                        0.021928340196609497,
                        0.10849660634994507,
                        0.03479892015457153,
                        0.06772689521312714,
                        0.17202363908290863,
                        0.13057847321033478
                    ],
                    [
                        0.5925177335739136,
                        0.7892528176307678,
                        0.5752671360969543,
                        0.39522069692611694,
                        0.3467140197753906,
                        0.5494681596755981,
                        0.5627517104148865,
                        0.5869775414466858,
                        0.6060442924499512,
                        0.5035556554794312,
                        0.6480072140693665,
                        0.6123391389846802,
                        0.5686368942260742,
                        0.5597601532936096,
                        0.5914140939712524,
                        0.7456072568893433,
                        0.6873829960823059,
                        0.6600599884986877,
                        0.6476891040802002,
                        0.7910622358322144
                    ],
                    [
                        0.2744697332382202,
                        0.16261586546897888,
                        0.08378937840461731,
                        0.10619723796844482,
                        0.25163930654525757,
                        0.23283064365386963,
                        0.31292450428009033,
                        0.3084791600704193,
                        0.08443233370780945,
                        0.10120657086372375,
                        0.1178329586982727,
                        0.1433885395526886,
                        0.22832834720611572,
                        0.16290384531021118,
                        0.10527156293392181,
                        0.1611892729997635,
                        0.2277986705303192,
                        0.20288893580436707,
                        0.22760480642318726,
                        0.21601781249046326
                    ]
                ]
            ],
            "states": [
                [
                    [
                        5346016.0,
                        3.834013477899134e-05,
                        0.0014523763675242662,
                        508420.875
                    ],
                    [
                        5408280.0,
                        3.6602417821995914e-05,
                        0.0012122188927605748,
                        493151.53125
                    ],
                    [
                        5290992.0,
                        3.502258914522827e-05,
                        0.0010567386634647846,
                        527754.375
                    ],
                    [
                        4871072.0,
                        3.364306758157909e-05,
                        0.0010331012308597565,
                        499436.125
                    ],
                    [
                        5112888.0,
                        3.239049328840338e-05,
                        0.0008577806875109673,
                        510007.28125
                    ],
                    [
                        5560320.0,
                        3.1150953873293474e-05,
                        0.009355437941849232,
                        487248.6875
                    ],
                    [
                        5574800.0,
                        1.764485568855889e-05,
                        0.005326922982931137,
                        503265.46875
                    ],
                    [
                        5363392.0,
                        1.8441511201672256e-05,
                        0.00705355079844594,
                        500775.59375
                    ],
                    [
                        5134608.0,
                        2.999954449478537e-05,
                        0.003215600736439228,
                        494512.125
                    ],
                    [
                        5509640.0,
                        1.6405823771492578e-05,
                        0.005743528250604868,
                        466303.4375
                    ],
                    [
                        5509640.0,
                        1.6405823771492578e-05,
                        0.005743528250604868,
                        466303.4375
                    ],
                    [
                        5069448.0,
                        2.8978191039641388e-05,
                        0.0006789364852011204,
                        506032.28125
                    ],
                    [
                        5574800.0,
                        1.764485568855889e-05,
                        0.005326922982931137,
                        503265.46875
                    ],
                    [
                        1811448.0,
                        2.832559766829945e-05,
                        0.006547329016029835,
                        511753.5625
                    ],
                    [
                        5228728.0,
                        2.7692145522451028e-05,
                        0.00019177634385414422,
                        489897.5625
                    ],
                    [
                        5105648.0,
                        2.680875695659779e-05,
                        0.0001491233124397695,
                        484135.40625
                    ],
                    [
                        5137504.0,
                        2.59872085734969e-05,
                        0.0002625611668918282,
                        463221.75
                    ],
                    [
                        5053520.0,
                        2.521825081203133e-05,
                        0.0004885925445705652,
                        468607.3125
                    ],
                    [
                        4761024.0,
                        2.4519293219782412e-05,
                        0.0010367168579250574,
                        491127.34375
                    ],
                    [
                        4991256.0,
                        2.386243431828916e-05,
                        0.0028569940477609634,
                        492679.28125
                    ]
                ]
            ],
            "actions": [
                [
                    [
                        0.25
                    ],
                    [
                        0.25
                    ],
                    [
                        0.25
                    ],
                    [
                        0.25
                    ],
                    [
                        0.25
                    ],
                    [
                        0.25
                    ],
                    [
                        0.25
                    ],
                    [
                        0.25
                    ],
                    [
                        0.25
                    ],
                    [
                        0.25
                    ],
                    [
                        0.25
                    ],
                    [
                        0.25
                    ],
                    [
                        0.25
                    ],
                    [
                        0.25
                    ],
                    [
                        0.25
                    ],
                    [
                        0.25
                    ],
                    [
                        0.25
                    ],
                    [
                        0.25
                    ],
                    [
                        0.25
                    ],
                    [
                        0.25
                    ]
                ]
            ],
            "returns": [
                [
                    [
                        0.03608226776123047
                    ],
                    [
                        0.03514878451824188
                    ],
                    [
                        0.03421427682042122
                    ],
                    [
                        0.033281709998846054
                    ],
                    [
                        0.03235647454857826
                    ],
                    [
                        0.031426943838596344
                    ],
                    [
                        0.030489977449178696
                    ],
                    [
                        0.029552778229117393
                    ],
                    [
                        0.028619008138775826
                    ],
                    [
                        0.027689101174473763
                    ],
                    [
                        0.02675294503569603
                    ],
                    [
                        0.025816788896918297
                    ],
                    [
                        0.024888014420866966
                    ],
                    [
                        0.023950817063450813
                    ],
                    [
                        0.023113280534744263
                    ],
                    [
                        0.022181764245033264
                    ],
                    [
                        0.021252360194921494
                    ],
                    [
                        0.02032240480184555
                    ],
                    [
                        0.019393909722566605
                    ],
                    [
                        0.018470700830221176
                    ]
                ]
            ],
            "timesteps": [
                [
                    600,
                    601,
                    602,
                    603,
                    604,
                    605,
                    606,
                    607,
                    608,
                    609,
                    610,
                    611,
                    612,
                    613,
                    614,
                    615,
                    616,
                    617,
                    618,
                    619
                ]
            ],
            "labels": [
                [
                    0,
                    0,
                    0,
                    0,
                    0,
                    0,
                    0,
                    0,
                    0,
                    0,
                    0,
                    0,
                    0,
                    0,
                    0,
                    0,
                    0,
                    0,
                    0,
                    0
                ]
            ],
            "CPU Usage": 47.3,
            "RAM Usage": 59.3,
            "GPU Usage": 0.0,
            "VRAM Usage": 481.0,
            "Disk Read Speed (MB/s)": 190568.509765625,
            "Disk Write Speed (MB/s)": 280624.8837890625
        },
        {
            "step": 2,
            "train_loss": 0.029228990897536278,
            "actions_pred1": [
                [
                    [
                        -0.027404263615608215,
                        -0.30264008045196533,
                        0.7206737995147705,
                        0.5234180688858032
                    ],
                    [
                        -0.09139192849397659,
                        -0.15891633927822113,
                        0.6828413605690002,
                        0.5471204519271851
                    ],
                    [
                        -0.10092518478631973,
                        -0.05555969476699829,
                        0.637107253074646,
                        0.6029666662216187
                    ],
                    [
                        0.06525786966085434,
                        -0.014097228646278381,
                        0.8298534154891968,
                        0.5927483439445496
                    ],
                    [
                        -0.012289769947528839,
                        0.014345236122608185,
                        0.8771131634712219,
                        0.519873857498169
                    ],
                    [
                        -0.32362157106399536,
                        -0.18652234971523285,
                        0.8639947175979614,
                        0.5437009334564209
                    ],
                    [
                        -0.37762656807899475,
                        -0.22218486666679382,
                        0.784704327583313,
                        0.47308188676834106
                    ],
                    [
                        -0.25262555480003357,
                        -0.17300935089588165,
                        0.7385716438293457,
                        0.5582686066627502
                    ],
                    [
                        -0.26084545254707336,
                        -0.1394074261188507,
                        0.6541277170181274,
                        0.47646263241767883
                    ],
                    [
                        -0.27146199345588684,
                        -0.098761186003685,
                        0.6791254281997681,
                        0.3251415491104126
                    ],
                    [
                        -0.19080358743667603,
                        -0.18220847845077515,
                        0.5719382166862488,
                        0.36709991097450256
                    ],
                    [
                        -0.22612759470939636,
                        -0.09709332138299942,
                        0.7392402291297913,
                        0.30348753929138184
                    ],
                    [
                        -0.19374608993530273,
                        -0.1072833389043808,
                        0.8212141990661621,
                        0.35515424609184265
                    ],
                    [
                        -0.1856137216091156,
                        -0.20496919751167297,
                        0.856461763381958,
                        0.2749690115451813
                    ],
                    [
                        -0.1524650752544403,
                        -0.22065484523773193,
                        0.7622196674346924,
                        0.3522835373878479
                    ],
                    [
                        -0.3101550042629242,
                        -0.20787349343299866,
                        0.6577560901641846,
                        0.37380450963974
                    ],
                    [
                        -0.22796869277954102,
                        -0.1641702800989151,
                        0.7170628309249878,
                        0.4774712920188904
                    ],
                    [
                        -0.22167813777923584,
                        -0.10769638419151306,
                        0.7528079748153687,
                        0.4126144051551819
                    ],
                    [
                        -0.23127728700637817,
                        -0.1061447486281395,
                        0.7614576816558838,
                        0.31539472937583923
                    ],
                    [
                        -0.23015549778938293,
                        -0.06211480498313904,
                        0.7341142892837524,
                        0.2691565155982971
                    ]
                ]
            ],
            "actions_pred": [
                [
                    [
                        -0.027404263615608215,
                        -0.09139192849397659,
                        -0.10092518478631973,
                        0.06525786966085434,
                        -0.012289769947528839,
