{
    "steps": [
        {
            "step": 0,
            "train_loss": 0.05793609097599983,
            "actions_pred1": [
                [
                    [
                        0.2429089993238449,
                        -0.399219274520874,
                        0.7941299080848694,
                        0.5120549201965332
                    ],
                    [
                        0.2500874698162079,
                        -0.22155532240867615,
                        0.7789915204048157,
                        0.3617924451828003
                    ],
                    [
                        0.14631545543670654,
                        -0.07428355515003204,
                        0.7613222599029541,
                        0.1891118437051773
                    ],
                    [
                        0.12503910064697266,
                        -0.03073018789291382,
                        0.8648621439933777,
                        0.15942884981632233
                    ],
                    [
                        0.06311289966106415,
                        -0.027344390749931335,
                        0.7693737745285034,
                        0.3423442542552948
                    ],
                    [
                        0.11527709662914276,
                        0.038312673568725586,
                        0.8226469159126282,
                        0.38709092140197754
                    ],
                    [
                        0.10423553735017776,
                        -0.09122943878173828,
                        0.7694708108901978,
                        0.42800793051719666
                    ],
                    [
                        -0.03338565677404404,
                        -0.06638576090335846,
                        0.9190446138381958,
                        0.34085965156555176
                    ],
                    [
                        -0.0845111683011055,
                        0.01244935393333435,
                        0.9668214917182922,
                        0.32139235734939575
                    ],
                    [
                        -0.08575768768787384,
                        -0.06554120033979416,
                        0.8436079621315002,
                        0.37415799498558044
                    ],
                    [
                        -0.1505095362663269,
                        0.012481901794672012,
                        0.9225006103515625,
                        0.2790020704269409
                    ],
                    [
                        0.006858721375465393,
                        0.03449781984090805,
                        1.026979684829712,
                        0.5261812210083008
                    ],
                    [
                        0.005472838878631592,
                        0.028021641075611115,
                        0.9751812815666199,
                        0.19489240646362305
                    ],
                    [
                        -0.1175362765789032,
                        0.044269029051065445,
                        0.9902428388595581,
                        0.3034055829048157
                    ],
                    [
                        -0.12123894691467285,
                        0.06214095279574394,
                        1.051326870918274,
                        0.3196984529495239
                    ],
                    [
                        -0.023395054042339325,
                        0.06678226590156555,
                        1.0418376922607422,
                        0.4289296865463257
                    ],
                    [
                        -0.11435883492231369,
                        0.004750646650791168,
                        1.0037035942077637,
                        0.4539957344532013
                    ],
                    [
                        -0.23663681745529175,
                        -0.029506325721740723,
                        0.8815446496009827,
                        0.4249456524848938
                    ],
                    [
                        -0.08817038685083389,
                        -0.11650218814611435,
                        0.8433154225349426,
                        0.5041189193725586
                    ],
                    [
                        -0.19644221663475037,
                        -0.035697177052497864,
                        0.9168241024017334,
                        0.45869502425193787
                    ]
                ]
            ],
            "actions_pred": [
                [
                    [
                        0.2429089993238449,
                        0.2500874698162079,
                        0.14631545543670654,
                        0.12503910064697266,
                        0.06311289966106415,
                        0.11527709662914276,
                        0.10423553735017776,
                        -0.03338565677404404,
                        -0.0845111683011055,
                        -0.08575768768787384,
                        -0.1505095362663269,
                        0.006858721375465393,
                        0.005472838878631592,
                        -0.1175362765789032,
                        -0.12123894691467285,
                        -0.023395054042339325,
                        -0.11435883492231369,
                        -0.23663681745529175,
                        -0.08817038685083389,
                        -0.19644221663475037
                    ],
                    [
                        -0.399219274520874,
                        -0.22155532240867615,
                        -0.07428355515003204,
                        -0.03073018789291382,
                        -0.027344390749931335,
                        0.038312673568725586,
                        -0.09122943878173828,
                        -0.06638576090335846,
                        0.01244935393333435,
                        -0.06554120033979416,
                        0.012481901794672012,
                        0.03449781984090805,
                        0.028021641075611115,
                        0.044269029051065445,
                        0.06214095279574394,
                        0.06678226590156555,
                        0.004750646650791168,
                        -0.029506325721740723,
                        -0.11650218814611435,
                        -0.035697177052497864
                    ],
                    [
                        0.7941299080848694,
                        0.7789915204048157,
                        0.7613222599029541,
                        0.8648621439933777,
                        0.7693737745285034,
                        0.8226469159126282,
                        0.7694708108901978,
                        0.9190446138381958,
                        0.9668214917182922,
                        0.8436079621315002,
                        0.9225006103515625,
                        1.026979684829712,
                        0.9751812815666199,
                        0.9902428388595581,
                        1.051326870918274,
                        1.0418376922607422,
                        1.0037035942077637,
                        0.8815446496009827,
                        0.8433154225349426,
                        0.9168241024017334
                    ],
                    [
                        0.5120549201965332,
                        0.3617924451828003,
                        0.1891118437051773,
                        0.15942884981632233,
                        0.3423442542552948,
                        0.38709092140197754,
                        0.42800793051719666,
                        0.34085965156555176,
                        0.32139235734939575,
                        0.37415799498558044,
                        0.2790020704269409,
                        0.5261812210083008,
                        0.19489240646362305,
                        0.3034055829048157,
                        0.3196984529495239,
                        0.4289296865463257,
                        0.4539957344532013,
                        0.4249456524848938,
                        0.5041189193725586,
                        0.45869502425193787
                    ]
                ]
            ],
            "states": [
                [
                    [
                        4843560.0,
                        2.424415470159147e-05,
                        0.00033060877467505634,
                        578357.375
                    ],
                    [
                        5799240.0,
                        2.295832928211894e-05,
                        0.0031183171086013317,
                        515791.3125
                    ],
                    [
                        4623464.0,
                        2.2749398340238258e-05,
                        0.0025027666706591845,
                        635101.375
                    ],
                    [
                        4743648.0,
                        2.2564916434930637e-05,
                        0.0014389286516234279,
                        594770.9375
                    ],
                    [
                        2644227.0,
                        0.009791561402380466,
                        0.003044134471565485,
                        425038.1875
                    ],
                    [
                        9469920.0,
                        0.0006961323670111597,
                        0.00288664479739964,
                        440941.21875
                    ],
                    [
                        5718152.0,
                        0.00029342120978981256,
                        0.0027106136549264193,
                        528296.5625
                    ],
                    [
                        2943784.0,
                        0.00022529042325913906,
                        0.0027518118731677532,
                        461782.90625
                    ],
                    [
                        1387184.0,
                        0.0002022606786340475,
                        0.0026009255088865757,
                        650753.875
                    ],
                    [
                        490872.0,
                        0.00019373110262677073,
                        0.002423960482701659,
                        624566.0
                    ],
                    [
                        260640.0,
                        0.00019053270807489753,
                        0.002274049213156104,
                        567144.625
                    ],
                    [
                        201272.0,
                        0.00018862112483475357,
                        0.0023237415589392185,
                        604014.4375
                    ],
                    [
                        152040.0,
                        0.00018718479259405285,
                        0.0021793735213577747,
                        487596.375
                    ],
                    [
                        117288.0,
                        0.00018610460392665118,
                        0.002523052040487528,
                        579471.3125
                    ],
                    [
                        123080.0,
                        0.0001851513225119561,
                        0.002231767401099205,
                        401703.1875
                    ],
                    [
                        70952.0,
                        0.00018438858387526125,
                        0.0032643231097608805,
                        840606.75
                    ],
                    [
                        131768.0,
                        0.0001835990115068853,
                        0.0020812072325497866,
                        190522.296875
                    ],
                    [
                        144800.0,
                        0.00018253228336106986,
                        0.0015903349267318845,
                        318817.125
                    ],
                    [
                        173760.0,
                        0.0001813189737731591,
                        0.0016534600872546434,
                        316928.125
                    ],
                    [
                        181000.0,
                        0.0001799864403437823,
                        0.0014106292510405183,
                        219901.125
                    ]
                ]
            ],
            "actions": [
                [
                    [
                        0.5
                    ],
                    [
                        0.5
                    ],
                    [
                        0.5
                    ],
                    [
                        0.5
                    ],
                    [
                        0.25
                    ],
                    [
                        0.25
                    ],
                    [
                        0.25
                    ],
                    [
                        0.25
                    ],
                    [
                        0.25
                    ],
                    [
                        0.25
                    ],
                    [
                        0.25
                    ],
                    [
                        0.25
                    ],
                    [
                        0.25
                    ],
                    [
                        0.25
                    ],
                    [
                        0.25
                    ],
                    [
                        0.25
                    ],
                    [
                        0.25
                    ],
                    [
                        0.25
                    ],
                    [
                        0.25
                    ],
                    [
                        0.25
                    ]
                ]
            ],
            "returns": [
                [
                    [
                        0.09717193245887756
                    ],
                    [
                        0.09624720364809036
                    ],
                    [
                        0.09530650824308395
                    ],
                    [
                        0.09438589215278625
                    ],
                    [
                        0.09346301108598709
                    ],
                    [
                        0.09259194135665894
                    ],
                    [
                        0.09160776436328888
                    ],
                    [
                        0.09066831320524216
                    ],
                    [
                        0.08978772908449173
                    ],
                    [
                        0.08897385746240616
                    ],
                    [
                        0.08825208246707916
                    ],
                    [
                        0.0875864326953888
                    ],
                    [
                        0.08694369345903397
                    ],
                    [
                        0.08632583171129227
                    ],
                    [
                        0.08573097735643387
                    ],
                    [
                        0.08513184636831284
                    ],
                    [
                        0.08458154648542404
                    ],
                    [
                        0.0839763730764389
                    ],
                    [
                        0.08336283266544342
                    ],
                    [
                        0.08273313194513321
                    ]
                ]
            ],
            "timesteps": [
                [
                    520,
                    521,
                    522,
                    523,
                    524,
                    525,
                    526,
                    527,
                    528,
                    529,
                    530,
                    531,
                    532,
                    533,
                    534,
                    535,
                    536,
                    537,
                    538,
                    539
                ]
            ],
            "labels": [
                [
                    1,
                    1,
                    1,
                    1,
                    0,
                    0,
                    0,
                    0,
                    0,
                    0,
                    0,
                    0,
                    0,
                    0,
                    0,
                    0,
                    0,
                    0,
                    0,
                    0
                ]
            ],
            "CPU Usage": 46.8,
            "RAM Usage": 60.8,
            "GPU Usage": 13.0,
            "VRAM Usage": 457.0,
            "Disk Read Speed (MB/s)": 191411.08203125,
            "Disk Write Speed (MB/s)": 295041.5791015625
        },
        {
            "step": 1,
            "train_loss": 0.05129518359899521,
            "actions_pred1": [
                [
                    [
                        -0.47815048694610596,
                        -0.8151811957359314,
                        -0.04029041528701782,
                        -0.21015214920043945
                    ],
                    [
                        -0.556042492389679,
                        -0.3983938992023468,
                        -0.0149746835231781,
                        0.14514999091625214
                    ],
                    [
                        -0.5244250297546387,
                        -0.30911657214164734,
                        0.08720600605010986,
                        0.1525593250989914
                    ],
                    [
                        -0.5061787366867065,
                        -0.19814647734165192,
                        0.23383326828479767,
                        0.0805874615907669
                    ],
                    [
                        -0.5371595621109009,
                        -0.3343372941017151,
                        0.2524871230125427,
                        0.026427239179611206
                    ],
                    [
                        -0.5473328232765198,
                        -0.24677494168281555,
                        0.4426579177379608,
                        -0.05856887996196747
                    ],
                    [
                        -0.531589150428772,
                        -0.35216864943504333,
                        0.4226219654083252,
                        0.0524400919675827
                    ],
                    [
                        -0.5191749334335327,
                        -0.3701227307319641,
                        0.349865198135376,
                        0.1871257722377777
                    ],
                    [
                        -0.6204558610916138,
                        -0.42441076040267944,
                        0.35280150175094604,
                        0.055515438318252563
                    ],
                    [
                        -0.7006114721298218,
                        -0.4075204133987427,
                        0.30970528721809387,
                        0.05041615664958954
                    ],
                    [
                        -0.5982574224472046,
                        -0.17468321323394775,
                        0.4790416359901428,
                        0.07560667395591736
                    ],
                    [
                        -0.6840442419052124,
                        -0.22662094235420227,
                        0.4673260748386383,
                        0.24151165783405304
                    ],
                    [
                        -0.6808273196220398,
                        -0.24926921725273132,
                        0.5168306231498718,
                        0.198320209980011
                    ],
                    [
                        -0.6691872477531433,
                        -0.19451245665550232,
                        0.5873916149139404,
                        0.19351065158843994
                    ],
                    [
                        -0.6823931932449341,
                        -0.21669213473796844,
                        0.5371092557907104,
                        0.09386882185935974
                    ],
                    [
                        -0.7185327410697937,
                        -0.2198311686515808,
                        0.4528142809867859,
                        0.16960293054580688
                    ],
                    [
                        -0.642078697681427,
                        -0.2522282004356384,
                        0.4866175055503845,
                        0.046371445059776306
                    ],
                    [
                        -0.6947884559631348,
                        -0.26606717705726624,
                        0.4511786103248596,
                        0.0337805300951004
                    ],
                    [
                        -0.6017189621925354,
                        -0.03298982232809067,
                        0.38400155305862427,
                        0.19307246804237366
                    ],
                    [
                        -0.557561993598938,
                        -0.20019444823265076,
                        0.4904288053512573,
                        0.14482036232948303
                    ]
                ]
            ],
            "actions_pred": [
                [
                    [
                        -0.47815048694610596,
                        -0.556042492389679,
                        -0.5244250297546387,
                        -0.5061787366867065,
                        -0.5371595621109009,
                        -0.5473328232765198,
                        -0.531589150428772,
                        -0.5191749334335327,
                        -0.6204558610916138,
                        -0.7006114721298218,
                        -0.5982574224472046,
                        -0.6840442419052124,
                        -0.6808273196220398,
                        -0.6691872477531433,
                        -0.6823931932449341,
                        -0.7185327410697937,
                        -0.642078697681427,
                        -0.6947884559631348,
                        -0.6017189621925354,
                        -0.557561993598938
                    ],
                    [
                        -0.8151811957359314,
                        -0.3983938992023468,
                        -0.30911657214164734,
                        -0.19814647734165192,
                        -0.3343372941017151,
                        -0.24677494168281555,
                        -0.35216864943504333,
                        -0.3701227307319641,
                        -0.42441076040267944,
                        -0.4075204133987427,
                        -0.17468321323394775,
                        -0.22662094235420227,
                        -0.24926921725273132,
                        -0.19451245665550232,
                        -0.21669213473796844,
                        -0.2198311686515808,
                        -0.2522282004356384,
                        -0.26606717705726624,
                        -0.03298982232809067,
                        -0.20019444823265076
                    ],
                    [
                        -0.04029041528701782,
                        -0.0149746835231781,
                        0.08720600605010986,
                        0.23383326828479767,
                        0.2524871230125427,
                        0.4426579177379608,
                        0.4226219654083252,
                        0.349865198135376,
                        0.35280150175094604,
                        0.30970528721809387,
                        0.4790416359901428,
                        0.4673260748386383,
                        0.5168306231498718,
                        0.5873916149139404,
                        0.5371092557907104,
                        0.4528142809867859,
                        0.4866175055503845,
                        0.4511786103248596,
                        0.38400155305862427,
                        0.4904288053512573
                    ],
                    [
                        -0.21015214920043945,
                        0.14514999091625214,
                        0.1525593250989914,
                        0.0805874615907669,
                        0.026427239179611206,
                        -0.05856887996196747,
                        0.0524400919675827,
                        0.1871257722377777,
                        0.055515438318252563,
                        0.05041615664958954,
                        0.07560667395591736,
                        0.24151165783405304,
                        0.198320209980011,
                        0.19351065158843994,
                        0.09386882185935974,
                        0.16960293054580688,
                        0.046371445059776306,
                        0.0337805300951004,
                        0.19307246804237366,
                        0.14482036232948303
                    ]
                ]
            ],
            "states": [
                [
                    [
                        3840096.0,
                        2.92694730887888e-05,
                        0.00022606240236200392,
                        669392.5
                    ],
                    [
                        5186736.0,
                        2.8975890018045902e-05,
                        0.0002532026555854827,
                        623919.4375
                    ],
                    [
                        4765368.0,
                        2.86587583104847e-05,
                        0.0002667571825440973,
                        632646.8125
                    ],
                    [
                        6161240.0,
                        2.8318694603512995e-05,
                        0.00026687141507864,
                        545136.5625
                    ],
                    [
                        6174272.0,
                        2.7944166504312307e-05,
                        0.0002529114135541022,
                        614846.3125
                    ],
                    [
                        5751456.0,
                        2.7591326215770096e-05,
                        0.0002583715249784291,
                        530205.9375
                    ],
                    [
                        7742456.0,
                        2.720300471992232e-05,
                        0.001365873496979475,
                        538990.625
                    ],
                    [
                        6206128.0,
                        2.6812451324076392e-05,
                        0.0008239395683631301,
                        520321.9375
                    ],
                    [
                        5211352.0,
                        2.6501078536966816e-05,
                        0.0005388445570133626,
                        565831.875
                    ],
                    [
                        4737856.0,
                        2.623563341330737e-05,
                        0.0005018769879825413,
                        557744.25
                    ],
                    [
                        3256552.0,
                        2.6026094928965904e-05,
                        0.0005396626074798405,
                        583406.625
                    ],
                    [
                        2370376.0,
                        2.588063398434315e-05,
                        0.00039070475031621754,
                        599303.875
                    ],
                    [
                        3150848.0,
                        2.573955680418294e-05,
                        0.00037147922557778656,
                        638024.3125
                    ],
                    [
                        4121008.0,
                        2.5556088075973094e-05,
                        0.00035373689024709165,
                        613075.625
                    ],
                    [
                        3627240.0,
                        2.5363364329678006e-05,
                        0.0003472233365755528,
                        713559.4375
                    ],
                    [
                        4171688.0,
                        2.5172355890390463e-05,
                        0.00021890846255701035,
                        610763.0
                    ],
                    [
                        2390648.0,
                        2.501373273844365e-05,
                        0.00019109471759293228,
                        629310.5
                    ],
                    [
                        3237728.0,
                        2.487938036210835e-05,
                        0.00025023153284564614,
                        525239.375
                    ],
                    [
                        5175152.0,
                        2.4681297873030417e-05,
                        0.000305382302030921,
                        610625.375
                    ],
                    [
                        4510520.0,
                        2.445693280606065e-05,
                        0.00029567780438810587,
                        582702.6875
                    ]
                ]
            ],
            "actions": [
                [
                    [
                        0.5
                    ],
                    [
                        0.5
                    ],
                    [
                        0.5
                    ],
                    [
                        0.5
                    ],
                    [
                        0.5
                    ],
                    [
                        0.5
                    ],
                    [
                        0.5
                    ],
                    [
                        0.5
                    ],
                    [
                        0.5
                    ],
                    [
                        0.5
                    ],
                    [
                        0.5
                    ],
                    [
                        0.5
                    ],
                    [
                        0.5
                    ],
                    [
                        0.5
                    ],
                    [
                        0.5
                    ],
                    [
                        0.5
                    ],
                    [
                        0.5
                    ],
                    [
                        0.5
                    ],
                    [
                        0.5
                    ],
                    [
                        0.5
                    ]
                ]
            ],
            "returns": [
                [
                    [
                        0.11548818647861481
                    ],
                    [
                        0.11458403617143631
                    ],
                    [
                        0.11365323513746262
                    ],
                    [
                        0.11272994428873062
                    ],
                    [
                        0.11178387701511383
                    ],
                    [
                        0.11083762347698212
                    ],
                    [
                        0.1098976582288742
                    ],
                    [
                        0.10893134027719498
                    ],
                    [
                        0.10798463225364685
                    ],
                    [
                        0.10705341398715973
                    ],
                    [
                        0.10613063722848892
                    ],
                    [
                        0.10524109750986099
                    ],
                    [
                        0.10437972098588943
                    ],
                    [
                        0.1034931093454361
                    ],
                    [
                        0.10258270055055618
                    ],
                    [
                        0.1016836017370224
                    ],
                    [
                        0.10077211260795593
                    ],
                    [
                        0.09990997612476349
                    ],
                    [
                        0.09902095794677734
                    ],
                    [
                        0.09809035062789917
                    ]
                ]
            ],
            "timesteps": [
                [
                    500,
                    501,
                    502,
                    503,
                    504,
                    505,
                    506,
                    507,
                    508,
                    509,
                    510,
                    511,
                    512,
                    513,
                    514,
                    515,
                    516,
                    517,
                    518,
                    519
                ]
            ],
            "labels": [
                [
                    1,
                    1,
                    1,
                    1,
                    1,
                    1,
                    1,
                    1,
                    1,
                    1,
                    1,
                    1,
                    1,
                    1,
                    1,
                    1,
                    1,
                    1,
                    1,
                    1
                ]
            ],
            "CPU Usage": 48.4,
            "RAM Usage": 61.2,
            "GPU Usage": 16.0,
            "VRAM Usage": 457.0,
            "Disk Read Speed (MB/s)": 191411.08203125,
            "Disk Write Speed (MB/s)": 295041.9931640625
        },
        {
            "step": 2,
            "train_loss": 0.05364205315709114,
            "actions_pred1": [
                [
                    [
                        0.35065436363220215,
                        0.11687346547842026,
                        0.9259539842605591,
                        0.2886078357696533
                    ],
                    [
                        0.25406232476234436,
                        0.06507833302021027,
                        0.6699700355529785,
                        0.5959992408752441
                    ],
                    [
                        0.22059285640716553,
                        0.15557172894477844,
                        0.5462369918823242,
                        0.5828281044960022
                    ],
                    [
                        0.1518053561449051,
                        0.13128487765789032,
                        0.5853625535964966,
                        0.4572531580924988
                    ],
                    [
                        0.12378576397895813,
                        0.09689826518297195,
                        0.6271526217460632,
                        0.10859018564224243
                    ],
                    [
                        0.03709693253040314,
                        0.09576082974672318,
                        0.6711560487747192,
                        0.1706867665052414
                    ],
                    [
                        -0.04949226975440979,
                        0.02733728289604187,
                        0.7118220329284668,
                        0.12875831127166748
                    ],
                    [
                        -0.029951542615890503,
                        0.0785408467054367,
                        0.6447880268096924,
                        0.10556037724018097
                    ],
                    [
                        -0.028747424483299255,
                        0.1335659623146057,
                        0.690155565738678,
                        -0.014226168394088745
                    ],
                    [
                        -0.06013678014278412,
                        0.27406615018844604,
                        0.6535884141921997,
                        0.13916930556297302
                    ],
                    [
                        -0.17140212655067444,
                        0.03198925405740738,
                        0.6845083832740784,
                        0.15618711709976196
                    ],
                    [
                        -0.1612473428249359,
                        -0.027190759778022766,
                        0.680314838886261,
                        0.054827362298965454
                    ],
                    [
                        -0.08335255086421967,
                        0.14977774024009705,
                        0.9433788657188416,
                        0.12699060142040253
                    ],
                    [
                        -0.08624967932701111,
                        0.10280709713697433,
                        0.8252056241035461,
                        0.18404188752174377
                    ],
                    [
                        -0.1554391235113144,
                        0.10624974220991135,
                        0.8017846941947937,
                        0.11472475528717041
                    ],
                    [
                        -0.15962670743465424,
                        -0.12459903210401535,
                        1.0020155906677246,
                        0.18299788236618042
                    ],
                    [
                        -0.21676842868328094,
                        -0.11255202442407608,
                        1.0642327070236206,
                        0.07525357604026794
                    ],
                    [
                        -0.1640365868806839,
                        0.04866766184568405,
                        0.8969308733940125,
                        0.13924157619476318
                    ],
                    [
                        -0.10080975294113159,
                        0.02427884191274643,
                        0.8357259035110474,
                        0.0832471251487732
                    ],
                    [
                        -0.09305162727832794,
                        0.14442956447601318,
                        0.7308367490768433,
                        0.14106620848178864
                    ]
                ]
            ],
            "actions_pred": [
                [
                    [
                        0.35065436363220215,
                        0.25406232476234436,
                        0.22059285640716553,
                        0.1518053561449051,
                        0.12378576397895813,
                        0.03709693253040314,
