{
    "steps": [
        {
            "step": 0,
            "train_loss": 0.027709633111953735,
            "actions_pred1": [
                [
                    [
                        0.04456246644258499,
                        -0.016114212572574615,
                        0.9336382746696472,
                        0.2776058316230774
                    ],
                    [
                        -0.00950823724269867,
                        -0.03070308268070221,
                        0.8887103796005249,
                        0.2566523253917694
                    ],
                    [
                        0.029873326420783997,
                        -0.03319840878248215,
                        0.768632709980011,
                        0.22919976711273193
                    ],
                    [
                        0.019236713647842407,
                        -0.17094686627388,
                        0.6667276620864868,
                        0.03890565037727356
                    ],
                    [
                        0.1588822603225708,
                        -0.17610637843608856,
                        0.7089848518371582,
                        -0.035765230655670166
                    ],
                    [
                        0.1174456924200058,
                        -0.20063839852809906,
                        0.6559906601905823,
                        0.034456849098205566
                    ],
                    [
                        0.09425122290849686,
                        0.013939991593360901,
                        0.5324784517288208,
                        0.15832975506782532
                    ],
                    [
                        0.11992903798818588,
                        0.0015628263354301453,
                        0.677372932434082,
                        0.17779603600502014
                    ],
                    [
                        0.17625164985656738,
                        0.04257975518703461,
                        0.6811050772666931,
                        0.08037912845611572
                    ],
                    [
                        0.08640031516551971,
                        0.023675445467233658,
                        0.6963642835617065,
                        0.0017059743404388428
                    ],
                    [
                        0.07545159757137299,
                        0.0016817599534988403,
                        0.7462090253829956,
                        0.031973183155059814
                    ],
                    [
                        0.018885672092437744,
                        0.018366679549217224,
                        0.6928212642669678,
                        0.021920084953308105
                    ],
                    [
                        0.10254383087158203,
                        -0.028169207274913788,
                        0.8880495429039001,
                        -0.07216179370880127
                    ],
                    [
                        0.079851433634758,
                        0.003316383808851242,
                        0.8568675518035889,
                        -0.03623190522193909
                    ],
                    [
                        0.03336085379123688,
                        0.02379649505019188,
                        0.7560268044471741,
                        -0.030887454748153687
                    ],
                    [
                        -0.06172408163547516,
                        0.03733234480023384,
                        0.8568453192710876,
                        -0.1059822142124176
                    ],
                    [
                        -0.16520565748214722,
                        0.06959743797779083,
                        0.8886284828186035,
                        -0.10994625091552734
                    ],
                    [
                        0.01912427693605423,
                        0.11199671030044556,
                        0.8149476647377014,
                        -0.0531124472618103
                    ],
                    [
                        -0.04890698194503784,
                        0.049110397696495056,
                        0.834368884563446,
                        -0.019078075885772705
                    ],
                    [
                        -0.08411867171525955,
                        0.022334877401590347,
                        0.9205327033996582,
                        -0.005478799343109131
                    ]
                ]
            ],
            "actions_pred": [
                [
                    [
                        0.04456246644258499,
                        -0.00950823724269867,
                        0.029873326420783997,
                        0.019236713647842407,
                        0.1588822603225708,
                        0.1174456924200058,
                        0.09425122290849686,
                        0.11992903798818588,
                        0.17625164985656738,
                        0.08640031516551971,
                        0.07545159757137299,
                        0.018885672092437744,
                        0.10254383087158203,
                        0.079851433634758,
                        0.03336085379123688,
                        -0.06172408163547516,
                        -0.16520565748214722,
                        0.01912427693605423,
                        -0.04890698194503784,
                        -0.08411867171525955
                    ],
                    [
                        -0.016114212572574615,
                        -0.03070308268070221,
                        -0.03319840878248215,
                        -0.17094686627388,
                        -0.17610637843608856,
                        -0.20063839852809906,
                        0.013939991593360901,
                        0.0015628263354301453,
                        0.04257975518703461,
                        0.023675445467233658,
                        0.0016817599534988403,
                        0.018366679549217224,
                        -0.028169207274913788,
                        0.003316383808851242,
                        0.02379649505019188,
                        0.03733234480023384,
                        0.06959743797779083,
                        0.11199671030044556,
                        0.049110397696495056,
                        0.022334877401590347
                    ],
                    [
                        0.9336382746696472,
                        0.8887103796005249,
                        0.768632709980011,
                        0.6667276620864868,
                        0.7089848518371582,
                        0.6559906601905823,
                        0.5324784517288208,
                        0.677372932434082,
                        0.6811050772666931,
                        0.6963642835617065,
                        0.7462090253829956,
                        0.6928212642669678,
                        0.8880495429039001,
                        0.8568675518035889,
                        0.7560268044471741,
                        0.8568453192710876,
                        0.8886284828186035,
                        0.8149476647377014,
                        0.834368884563446,
                        0.9205327033996582
                    ],
                    [
                        0.2776058316230774,
                        0.2566523253917694,
                        0.22919976711273193,
                        0.03890565037727356,
                        -0.035765230655670166,
                        0.034456849098205566,
                        0.15832975506782532,
                        0.17779603600502014,
                        0.08037912845611572,
                        0.0017059743404388428,
                        0.031973183155059814,
                        0.021920084953308105,
                        -0.07216179370880127,
                        -0.03623190522193909,
                        -0.030887454748153687,
                        -0.1059822142124176,
                        -0.10994625091552734,
                        -0.0531124472618103,
                        -0.019078075885772705,
                        -0.005478799343109131
                    ]
                ]
            ],
            "states": [
                [
                    [
                        5451720.0,
                        5.395679545472376e-05,
                        0.00037329201586544514,
                        787492.0625
                    ],
                    [
                        5280856.0,
                        5.18798733537551e-05,
                        0.00029995679506100714,
                        814349.6875
                    ],
                    [
                        5398144.0,
                        4.996706411475316e-05,
                        0.0002722619683481753,
                        830635.1875
                    ],
                    [
                        5419864.0,
                        4.8167821660172194e-05,
                        0.0002737951872404665,
                        823458.5625
                    ],
                    [
                        5285200.0,
                        4.651026029023342e-05,
                        0.0002537628752179444,
                        847604.5625
                    ],
                    [
                        5632720.0,
                        4.493406231631525e-05,
                        0.0002845273702405393,
                        778198.5625
                    ],
                    [
                        4926096.0,
                        4.350659582996741e-05,
                        0.00027429292094893754,
                        769937.4375
                    ],
                    [
                        5379320.0,
                        4.219951370032504e-05,
                        0.0002784566895570606,
                        775819.3125
                    ],
                    [
                        5141848.0,
                        4.0942868508864194e-05,
                        0.00027366288122721016,
                        804782.8125
                    ],
                    [
                        5422760.0,
                        3.9754886529408395e-05,
                        0.0002617421268951148,
                        784755.125
                    ],
                    [
                        5163568.0,
                        3.8631129427812994e-05,
                        0.000270931632257998,
                        777998.8125
                    ],
                    [
                        5172256.0,
                        3.7593843444483355e-05,
                        0.00027350522577762604,
                        827638.0
                    ],
                    [
                        5228728.0,
                        3.6604818888008595e-05,
                        0.0002609447401482612,
                        836480.3125
                    ],
                    [
                        5215696.0,
                        3.566250597941689e-05,
                        0.0002695223083719611,
                        842399.5625
                    ],
                    [
                        5496608.0,
                        3.474534969427623e-05,
                        0.00026009109569713473,
                        814649.5
                    ],
                    [
                        5165016.0,
                        3.3877906389534473e-05,
                        0.0002577552804723382,
                        820590.75
                    ],
                    [
                        5712360.0,
                        3.3036900276783854e-05,
                        0.0002756010799203068,
                        835693.0625
                    ],
                    [
                        5086824.0,
                        3.224165993742645e-05,
                        0.0002540297864470631,
                        845564.6875
                    ],
                    [
                        5490816.0,
                        3.14996468659956e-05,
                        0.00027847016463056207,
                        824773.25
                    ],
                    [
                        5183840.0,
                        3.078411828028038e-05,
                        0.0002814441977534443,
                        810358.5625
                    ]
                ]
            ],
            "actions": [
                [
                    [
                        0.75
                    ],
                    [
                        0.75
                    ],
                    [
                        0.75
                    ],
                    [
                        0.75
                    ],
                    [
                        0.75
                    ],
                    [
                        0.75
                    ],
                    [
                        0.75
                    ],
                    [
                        0.75
                    ],
                    [
                        0.75
                    ],
                    [
                        0.75
                    ],
                    [
                        0.75
                    ],
                    [
                        0.75
                    ],
                    [
                        0.75
                    ],
                    [
                        0.75
                    ],
                    [
                        0.75
                    ],
                    [
                        0.75
                    ],
                    [
                        0.75
                    ],
                    [
                        0.75
                    ],
                    [
                        0.75
                    ],
                    [
                        0.75
                    ]
                ]
            ],
            "returns": [
                [
                    [
                        0.36055833101272583
                    ],
                    [
                        0.35962310433387756
                    ],
                    [
                        0.35869070887565613
                    ],
                    [
                        0.3577563464641571
                    ],
                    [
                        0.3568216562271118
                    ],
                    [
                        0.3558892011642456
                    ],
                    [
                        0.35495108366012573
                    ],
                    [
                        0.35402485728263855
                    ],
                    [
                        0.3530908226966858
                    ],
                    [
                        0.352160781621933
                    ],
                    [
                        0.3512260317802429
                    ],
                    [
                        0.35029563307762146
                    ],
                    [
                        0.34936508536338806
                    ],
                    [
                        0.34843355417251587
                    ],
                    [
                        0.3475022614002228
                    ],
                    [
                        0.3465663194656372
                    ],
                    [
                        0.34563589096069336
                    ],
                    [
                        0.3446965217590332
                    ],
                    [
                        0.3437674641609192
                    ],
                    [
                        0.3428316116333008
                    ]
                ]
            ],
            "timesteps": [
                [
                    240,
                    241,
                    242,
                    243,
                    244,
                    245,
                    246,
                    247,
                    248,
                    249,
                    250,
                    251,
                    252,
                    253,
                    254,
                    255,
                    256,
                    257,
                    258,
                    259
                ]
            ],
            "labels": [
                [
                    2,
                    2,
                    2,
                    2,
                    2,
                    2,
                    2,
                    2,
                    2,
                    2,
                    2,
                    2,
                    2,
                    2,
                    2,
                    2,
                    2,
                    2,
                    2,
                    2
                ]
            ],
            "CPU Usage": 44.8,
            "RAM Usage": 62.4,
            "GPU Usage": 0.0,
            "VRAM Usage": 452.0,
            "Disk Read Speed (MB/s)": 191411.28515625,
            "Disk Write Speed (MB/s)": 301380.6689453125
        },
        {
            "step": 1,
            "train_loss": 0.05350720137357712,
            "actions_pred1": [
                [
                    [
                        -0.10153466463088989,
                        -0.29292571544647217,
                        0.7323862314224243,
                        0.23119303584098816
                    ],
                    [
                        -0.20449379086494446,
                        -0.15618297457695007,
                        0.811906099319458,
                        0.13844521343708038
                    ],
                    [
                        -0.290052592754364,
                        -0.09605404734611511,
                        0.716385006904602,
                        0.1302267611026764
                    ],
                    [
                        -0.05223774164915085,
                        -0.1057150661945343,
                        0.6503016948699951,
                        0.20822946727275848
                    ],
                    [
                        -0.04366245120763779,
                        -0.06181274726986885,
                        0.6945282220840454,
                        0.06198275089263916
                    ],
                    [
                        0.08745977282524109,
                        0.041508205235004425,
                        0.7340150475502014,
                        -0.04142117500305176
                    ],
                    [
                        0.05659029632806778,
                        0.13539926707744598,
                        0.7925012111663818,
                        -0.0021783411502838135
                    ],
                    [
                        -0.07565359026193619,
                        0.30214691162109375,
                        0.8024358153343201,
                        -0.008577316999435425
                    ],
                    [
                        -0.10010756552219391,
                        0.15539008378982544,
                        0.8420049548149109,
                        0.12410470843315125
                    ],
                    [
                        -0.14931023120880127,
                        0.24282626807689667,
                        0.683685302734375,
                        0.14806991815567017
                    ],
                    [
                        -0.13568013906478882,
                        0.2630407512187958,
                        0.6141377687454224,
                        0.04966011643409729
                    ],
                    [
                        -0.01971307396888733,
                        0.1588267982006073,
                        0.610887885093689,
                        0.005525380373001099
                    ],
                    [
                        -0.07331021130084991,
                        0.15074610710144043,
                        0.7349271774291992,
                        0.03339505195617676
                    ],
                    [
                        0.07441654056310654,
                        0.24382245540618896,
                        0.7366421222686768,
                        0.09428811073303223
                    ],
                    [
                        0.047496944665908813,
                        0.22015948593616486,
                        0.6738935708999634,
                        0.13176816701889038
                    ],
                    [
                        0.050649769604206085,
                        0.19909770786762238,
                        0.7021021842956543,
                        0.08337077498435974
                    ],
                    [
                        -0.018386997282505035,
                        0.1546669900417328,
                        0.6774420738220215,
                        0.11261430382728577
                    ],
                    [
                        -0.23774585127830505,
                        0.11475671827793121,
                        0.5545034408569336,
                        0.10826161503791809
                    ],
                    [
                        -0.12772175669670105,
                        0.07987255603075027,
                        0.6194795966148376,
                        0.19793927669525146
                    ],
                    [
                        -0.0366714671254158,
                        0.23727241158485413,
                        0.6481679081916809,
                        0.13759130239486694
                    ]
                ]
            ],
            "actions_pred": [
                [
                    [
                        -0.10153466463088989,
                        -0.20449379086494446,
                        -0.290052592754364,
                        -0.05223774164915085,
                        -0.04366245120763779,
                        0.08745977282524109,
                        0.05659029632806778,
                        -0.07565359026193619,
                        -0.10010756552219391,
                        -0.14931023120880127,
                        -0.13568013906478882,
                        -0.01971307396888733,
                        -0.07331021130084991,
                        0.07441654056310654,
                        0.047496944665908813,
                        0.050649769604206085,
                        -0.018386997282505035,
                        -0.23774585127830505,
                        -0.12772175669670105,
                        -0.0366714671254158
                    ],
                    [
                        -0.29292571544647217,
                        -0.15618297457695007,
                        -0.09605404734611511,
                        -0.1057150661945343,
                        -0.06181274726986885,
                        0.041508205235004425,
                        0.13539926707744598,
                        0.30214691162109375,
                        0.15539008378982544,
                        0.24282626807689667,
                        0.2630407512187958,
                        0.1588267982006073,
                        0.15074610710144043,
                        0.24382245540618896,
                        0.22015948593616486,
                        0.19909770786762238,
                        0.1546669900417328,
                        0.11475671827793121,
                        0.07987255603075027,
                        0.23727241158485413
                    ],
                    [
                        0.7323862314224243,
                        0.811906099319458,
                        0.716385006904602,
                        0.6503016948699951,
                        0.6945282220840454,
                        0.7340150475502014,
                        0.7925012111663818,
                        0.8024358153343201,
                        0.8420049548149109,
                        0.683685302734375,
                        0.6141377687454224,
                        0.610887885093689,
                        0.7349271774291992,
                        0.7366421222686768,
                        0.6738935708999634,
                        0.7021021842956543,
                        0.6774420738220215,
                        0.5545034408569336,
                        0.6194795966148376,
                        0.6481679081916809
                    ],
                    [
                        0.23119303584098816,
                        0.13844521343708038,
                        0.1302267611026764,
                        0.20822946727275848,
                        0.06198275089263916,
                        -0.04142117500305176,
                        -0.0021783411502838135,
                        -0.008577316999435425,
                        0.12410470843315125,
                        0.14806991815567017,
                        0.04966011643409729,
                        0.005525380373001099,
                        0.03339505195617676,
                        0.09428811073303223,
                        0.13176816701889038,
                        0.08337077498435974,
                        0.11261430382728577,
                        0.10826161503791809,
                        0.19793927669525146,
                        0.13759130239486694
                    ]
                ]
            ],
            "states": [
                [
                    [
                        9174528.0,
                        1.5287421774701215e-05,
                        0.00015401413838844746,
                        462799.78125
                    ],
                    [
                        9721872.0,
                        1.4988291695772205e-05,
                        0.00014908269804436713,
                        471413.40625
                    ],
                    [
                        8650352.0,
                        1.4708337403135374e-05,
                        0.00013771618250757456,
                        476596.0
                    ],
                    [
                        9385704.0,
                        1.4443650798057206e-05,
                        0.000157010683324188,
                        448618.75
                    ],
                    [
                        9197696.0,
                        1.4180617654346861e-05,
                        0.00013674897491000593,
                        456343.53125
                    ],
                    [
                        9271544.0,
                        1.392852846038295e-05,
                        0.000155533998622559,
                        449987.3125
                    ],
                    [
                        8570712.0,
                        1.3693322216568049e-05,
                        0.00014997956168372184,
                        453578.0625
                    ],
                    [
                        9304848.0,
                        1.346561111859046e-05,
                        0.0001673756050877273,
                        435181.0625
                    ],
                    [
                        8921128.0,
                        1.3241030501376372e-05,
                        0.00015327449364122003,
                        460544.8125
                    ],
                    [
                        8646008.0,
                        1.303156568610575e-05,
                        0.00015547996736131608,
                        463163.09375
                    ],
                    [
                        8767640.0,
                        1.2830393643525895e-05,
                        0.00015675314352847636,
                        458172.0625
                    ],
                    [
                        8076944.0,
                        1.2641571629501414e-05,
                        0.00016837925068102777,
                        477030.90625
                    ],
                    [
                        8123280.0,
                        1.2465176951081958e-05,
                        0.00015461879957001656,
                        493767.40625
                    ],
                    [
                        8650352.0,
                        1.228769360750448e-05,
                        0.00016164440603461117,
                        451473.28125
                    ],
                    [
                        7982824.0,
                        1.211656035593478e-05,
                        0.00016790036170277745,
                        481186.15625
                    ],
                    [
                        7248688.0,
                        1.1963955330429599e-05,
                        0.00016397373110521585,
                        490311.46875
                    ],
                    [
                        7208144.0,
                        1.1822661690530367e-05,
                        0.00017705760546959937,
                        472943.71875
                    ],
                    [
                        7193664.0,
                        1.1685199751809705e-05,
                        0.000179134716745466,
                        469996.125
                    ],
                    [
                        6442152.0,
                        1.1557923244254198e-05,
                        0.00016420705651398748,
                        470480.40625
                    ],
                    [
                        6989496.0,
                        1.1435274245741311e-05,
                        0.00018320638628210872,
                        451753.78125
                    ]
                ]
            ],
            "actions": [
                [
                    [
                        0.25
                    ],
                    [
                        0.25
                    ],
                    [
                        0.25
                    ],
                    [
                        0.25
                    ],
                    [
                        0.25
                    ],
                    [
                        0.25
                    ],
                    [
                        0.25
                    ],
                    [
                        0.25
                    ],
                    [
                        0.25
                    ],
                    [
                        0.25
                    ],
                    [
                        0.25
                    ],
                    [
                        0.25
                    ],
                    [
                        0.25
                    ],
                    [
                        0.25
                    ],
                    [
                        0.25
                    ],
                    [
                        0.25
                    ],
                    [
                        0.25
                    ],
                    [
                        0.25
                    ],
                    [
                        0.25
                    ],
                    [
                        0.25
                    ]
                ]
            ],
            "returns": [
                [
                    [
                        0.2469175159931183
                    ],
                    [
                        0.24593615531921387
                    ],
                    [
                        0.24494965374469757
                    ],
                    [
                        0.2439734935760498
                    ],
                    [
                        0.24299012124538422
                    ],
                    [
                        0.2420085221529007
                    ],
                    [
                        0.24102622270584106
                    ],
                    [
                        0.24005089700222015
                    ],
                    [
                        0.23906828463077545
                    ],
                    [
                        0.2380893975496292
                    ],
                    [
                        0.23711329698562622
                    ],
                    [
                        0.23613594472408295
                    ],
                    [
                        0.23516587913036346
                    ],
                    [
                        0.2341953068971634
                    ],
                    [
                        0.23321916162967682
                    ],
                    [
                        0.2322501242160797
                    ],
                    [
                        0.23128965497016907
                    ],
                    [
                        0.23032966256141663
                    ],
                    [
                        0.2293698638677597
                    ],
                    [
                        0.22841985523700714
                    ]
                ]
            ],
            "timesteps": [
                [
                    360,
                    361,
                    362,
                    363,
                    364,
                    365,
                    366,
                    367,
                    368,
                    369,
                    370,
                    371,
                    372,
                    373,
                    374,
                    375,
                    376,
                    377,
                    378,
                    379
                ]
            ],
            "labels": [
                [
                    0,
                    0,
                    0,
                    0,
                    0,
                    0,
                    0,
                    0,
                    0,
                    0,
                    0,
                    0,
                    0,
                    0,
                    0,
                    0,
                    0,
                    0,
                    0,
                    0
                ]
            ],
            "CPU Usage": 48.9,
            "RAM Usage": 63.2,
            "GPU Usage": 0.0,
            "VRAM Usage": 452.0,
            "Disk Read Speed (MB/s)": 191411.28515625,
            "Disk Write Speed (MB/s)": 301382.1376953125
        },
        {
            "step": 2,
            "train_loss": 0.048559628427028656,
            "actions_pred1": [
                [
                    [
                        -0.210550457239151,
                        -0.2490788847208023,
                        0.24745482206344604,
                        -0.007056683301925659
                    ],
                    [
                        -0.1517573595046997,
                        -0.21338635683059692,
                        0.5280349254608154,
                        0.026547014713287354
                    ],
                    [
                        -0.07166704535484314,
                        -0.19524851441383362,
                        0.4445275664329529,
                        -0.0837099552154541
                    ],
                    [
                        -0.025708213448524475,
                        -0.17454607784748077,
                        0.48380839824676514,
                        -0.16623586416244507
                    ],
                    [
                        0.09285584092140198,
                        -0.16098694503307343,
                        0.23725098371505737,
                        -0.36029052734375
                    ],
                    [
                        0.20359136164188385,
                        -0.03777728229761124,
                        0.4168837070465088,
                        -0.3966829180717468
                    ],
                    [
                        0.20471960306167603,
                        0.07371170073747635,
                        0.5101492404937744,
                        -0.4007839858531952
                    ],
                    [
                        0.22604414820671082,
                        0.08437733352184296,
                        0.6063913702964783,
                        -0.1913433074951172
                    ],
                    [
                        0.051913946866989136,
                        0.09932448714971542,
                        0.4813857972621918,
                        -0.2390403151512146
                    ],
                    [
                        0.08228091895580292,
                        -0.01731065660715103,
                        0.6994269490242004,
                        -0.1609354019165039
                    ],
                    [
                        0.021956324577331543,
                        -0.10589255392551422,
                        0.6457803249359131,
                        -0.19556429982185364
                    ],
                    [
                        -0.17347976565361023,
                        -0.09812061488628387,
                        0.636989951133728,
                        -0.18754234910011292
                    ],
                    [
                        -0.18528887629508972,
                        0.015694625675678253,
                        0.6788609027862549,
                        -0.14078223705291748
                    ],
                    [
                        -0.1637888103723526,
                        0.07010503113269806,
                        0.680931806564331,
                        -0.08705779910087585
                    ],
                    [
                        -0.13244694471359253,
                        -0.006474331021308899,
                        0.5900627374649048,
                        -0.12505006790161133
                    ],
                    [
                        -0.09786564111709595,
                        0.05787291005253792,
                        0.57051682472229,
                        -0.20204803347587585
                    ],
                    [
                        0.08074773848056793,
                        0.017989449203014374,
                        0.49735531210899353,
                        -0.20180508494377136
                    ],
                    [
                        0.023602306842803955,
                        0.0390130840241909,
                        0.5612266063690186,
                        -0.08025991916656494
                    ],
                    [
                        -0.07658454775810242,
                        0.08464650809764862,
                        0.7380307912826538,
                        -0.13043054938316345
                    ],
                    [
                        -0.04669499397277832,
                        -0.023019924759864807,
                        0.8744900226593018,
                        -0.13908922672271729
                    ]
                ]
            ],
            "actions_pred": [
                [
                    [
                        -0.210550457239151,
                        -0.1517573595046997,
                        -0.07166704535484314,
