{
    "steps": [
        {
            "step": 0,
            "train_loss": 0.058037169277668,
            "actions_pred1": [
                [
                    [
                        -0.45045575499534607,
                        0.12198477983474731,
                        0.9264308214187622,
                        0.31132441759109497
                    ],
                    [
                        -0.4239705204963684,
                        -0.018038742244243622,
                        0.8977224826812744,
                        0.2807297110557556
                    ],
                    [
                        -0.33417651057243347,
                        -0.0662655457854271,
                        0.9347652792930603,
                        0.17280369997024536
                    ],
                    [
                        -0.26813673973083496,
                        -0.041250258684158325,
                        0.9981986284255981,
                        0.39655470848083496
                    ],
                    [
                        -0.11467345803976059,
                        -0.05648717284202576,
                        1.0534718036651611,
                        0.40460559725761414
                    ],
                    [
                        -0.10178880393505096,
                        0.011873535811901093,
                        0.9853668808937073,
                        0.4107505977153778
                    ],
                    [
                        -0.277079313993454,
                        0.0744699165225029,
                        0.9528887271881104,
                        0.3317275047302246
                    ],
                    [
                        -0.2454335242509842,
                        -0.03120621293783188,
                        0.7760477066040039,
                        0.20842954516410828
                    ],
                    [
                        -0.15929749608039856,
                        -0.1630185842514038,
                        0.8350428342819214,
                        0.32005083560943604
                    ],
                    [
                        -0.07894331216812134,
                        0.029987908899784088,
                        0.8538908362388611,
                        0.24096617102622986
                    ],
                    [
                        0.07575883716344833,
                        0.16490022838115692,
                        0.978911280632019,
                        0.3672267198562622
                    ],
                    [
                        0.06427036225795746,
                        0.11089593172073364,
                        0.836703896522522,
                        0.3576725721359253
                    ],
                    [
                        -0.0021956339478492737,
                        0.16294783353805542,
                        0.8523195385932922,
                        0.34389716386795044
                    ],
                    [
                        -0.08180874586105347,
                        0.0930156409740448,
                        0.93047034740448,
                        0.3158533573150635
                    ],
                    [
                        -0.07800581306219101,
                        -0.004754155874252319,
                        0.7866590023040771,
                        0.24808461964130402
                    ],
                    [
                        -0.019038580358028412,
                        -0.025456756353378296,
                        0.7289429903030396,
                        0.2649010419845581
                    ],
                    [
                        -0.11280865967273712,
                        0.05210661143064499,
                        0.8557456135749817,
                        0.28041911125183105
                    ],
                    [
                        0.06784795224666595,
                        -0.0280814990401268,
                        0.7046403884887695,
                        0.3836043179035187
                    ],
                    [
                        0.08070429414510727,
                        -0.11401461809873581,
                        0.5193942785263062,
                        0.5412693619728088
                    ],
                    [
                        0.05696847289800644,
                        -0.0789489671587944,
                        0.7475399971008301,
                        0.5096641182899475
                    ]
                ]
            ],
            "actions_pred": [
                [
                    [
                        -0.45045575499534607,
                        -0.4239705204963684,
                        -0.33417651057243347,
                        -0.26813673973083496,
                        -0.11467345803976059,
                        -0.10178880393505096,
                        -0.277079313993454,
                        -0.2454335242509842,
                        -0.15929749608039856,
                        -0.07894331216812134,
                        0.07575883716344833,
                        0.06427036225795746,
                        -0.0021956339478492737,
                        -0.08180874586105347,
                        -0.07800581306219101,
                        -0.019038580358028412,
                        -0.11280865967273712,
                        0.06784795224666595,
                        0.08070429414510727,
                        0.05696847289800644
                    ],
                    [
                        0.12198477983474731,
                        -0.018038742244243622,
                        -0.0662655457854271,
                        -0.041250258684158325,
                        -0.05648717284202576,
                        0.011873535811901093,
                        0.0744699165225029,
                        -0.03120621293783188,
                        -0.1630185842514038,
                        0.029987908899784088,
                        0.16490022838115692,
                        0.11089593172073364,
                        0.16294783353805542,
                        0.0930156409740448,
                        -0.004754155874252319,
                        -0.025456756353378296,
                        0.05210661143064499,
                        -0.0280814990401268,
                        -0.11401461809873581,
                        -0.0789489671587944
                    ],
                    [
                        0.9264308214187622,
                        0.8977224826812744,
                        0.9347652792930603,
                        0.9981986284255981,
                        1.0534718036651611,
                        0.9853668808937073,
                        0.9528887271881104,
                        0.7760477066040039,
                        0.8350428342819214,
                        0.8538908362388611,
                        0.978911280632019,
                        0.836703896522522,
                        0.8523195385932922,
                        0.93047034740448,
                        0.7866590023040771,
                        0.7289429903030396,
                        0.8557456135749817,
                        0.7046403884887695,
                        0.5193942785263062,
                        0.7475399971008301
                    ],
                    [
                        0.31132441759109497,
                        0.2807297110557556,
                        0.17280369997024536,
                        0.39655470848083496,
                        0.40460559725761414,
                        0.4107505977153778,
                        0.3317275047302246,
                        0.20842954516410828,
                        0.32005083560943604,
                        0.24096617102622986,
                        0.3672267198562622,
                        0.3576725721359253,
                        0.34389716386795044,
                        0.3158533573150635,
                        0.24808461964130402,
                        0.2649010419845581,
                        0.28041911125183105,
                        0.3836043179035187,
                        0.5412693619728088,
                        0.5096641182899475
                    ]
                ]
            ],
            "states": [
                [
                    [
                        1715880.0,
                        9.430604404769838e-05,
                        0.0053657107055187225,
                        470709.75
                    ],
                    [
                        1967832.0,
                        9.068279905477539e-05,
                        0.004402399994432926,
                        434480.75
                    ],
                    [
                        2130008.0,
                        8.69646537466906e-05,
                        0.004303366411477327,
                        508551.15625
                    ],
                    [
                        2267568.0,
                        8.329902630066499e-05,
                        0.003460775362327695,
                        467240.71875
                    ],
                    [
                        2448568.0,
                        7.969679427333176e-05,
                        0.003044134471565485,
                        537034.5
                    ],
                    [
                        2646944.0,
                        7.613936031702906e-05,
                        0.00288664479739964,
                        500456.03125
                    ],
                    [
                        1710088.0,
                        7.333141547860578e-05,
                        0.0027106136549264193,
                        490357.90625
                    ],
                    [
                        2580336.0,
                        7.077431655488908e-05,
                        0.0027518118731677532,
                        546850.6875
                    ],
                    [
                        2927856.0,
                        6.773720087949187e-05,
                        0.0026009255088865757,
                        496203.71875
                    ],
                    [
                        3168224.0,
                        6.466506602009758e-05,
                        0.002423960482701659,
                        507070.15625
                    ],
                    [
                        3505608.0,
                        6.160674092825502e-05,
                        0.002274049213156104,
                        516057.96875
                    ],
                    [
                        3553392.0,
                        5.866973879165016e-05,
                        0.0023237415589392185,
                        471484.09375
                    ],
                    [
                        4039920.0,
                        5.581038931268267e-05,
                        0.0021793735213577747,
                        501229.875
                    ],
                    [
                        4028336.0,
                        5.305969170876779e-05,
                        0.002523052040487528,
                        561908.75
                    ],
                    [
                        4312144.0,
                        5.04888485011179e-05,
                        0.002231767401099205,
                        502897.96875
                    ],
                    [
                        4776952.0,
                        4.795741187990643e-05,
                        0.0032643231097608805,
                        459673.25
                    ],
                    [
                        4743648.0,
                        4.5562293962575495e-05,
                        0.0020812072325497866,
                        515212.4375
                    ],
                    [
                        2971296.0,
                        4.3785152229247615e-05,
                        0.0015903349267318845,
                        502955.46875
                    ],
                    [
                        4981120.0,
                        4.21030999859795e-05,
                        0.0016534600872546434,
                        511202.4375
                    ],
                    [
                        4962296.0,
                        4.016688762931153e-05,
                        0.0014106292510405183,
                        493895.1875
                    ]
                ]
            ],
            "actions": [
                [
                    [
                        0.25
                    ],
                    [
                        0.25
                    ],
                    [
                        0.25
                    ],
                    [
                        0.25
                    ],
                    [
                        0.25
                    ],
                    [
                        0.25
                    ],
                    [
                        0.25
                    ],
                    [
                        0.25
                    ],
                    [
                        0.25
                    ],
                    [
                        0.25
                    ],
                    [
                        0.25
                    ],
                    [
                        0.25
                    ],
                    [
                        0.25
                    ],
                    [
                        0.25
                    ],
                    [
                        0.25
                    ],
                    [
                        0.25
                    ],
                    [
                        0.25
                    ],
                    [
                        0.25
                    ],
                    [
                        0.25
                    ],
                    [
                        0.25
                    ]
                ]
            ],
            "returns": [
                [
                    [
                        0.053779877722263336
                    ],
                    [
                        0.05294714868068695
                    ],
                    [
                        0.05210227146744728
                    ],
                    [
                        0.05125037208199501
                    ],
                    [
                        0.05039292573928833
                    ],
                    [
                        0.04952867329120636
                    ],
                    [
                        0.04865751042962074
                    ],
                    [
                        0.047825079411268234
                    ],
                    [
                        0.046956177800893784
                    ],
                    [
                        0.04607607424259186
                    ],
                    [
                        0.04518897458910942
                    ],
                    [
                        0.04429290443658829
                    ],
                    [
                        0.04339563474059105
                    ],
                    [
                        0.04248698428273201
                    ],
                    [
                        0.04157859459519386
                    ],
                    [
                        0.04066416248679161
                    ],
                    [
                        0.039740659296512604
                    ],
                    [
                        0.03881777450442314
                    ],
                    [
                        0.037936363369226456
                    ],
                    [
                        0.03700914978981018
                    ]
                ]
            ],
            "timesteps": [
                [
                    580,
                    581,
                    582,
                    583,
                    584,
                    585,
                    586,
                    587,
                    588,
                    589,
                    590,
                    591,
                    592,
                    593,
                    594,
                    595,
                    596,
                    597,
                    598,
                    599
                ]
            ],
            "labels": [
                [
                    0,
                    0,
                    0,
                    0,
                    0,
                    0,
                    0,
                    0,
                    0,
                    0,
                    0,
                    0,
                    0,
                    0,
                    0,
                    0,
                    0,
                    0,
                    0,
                    0
                ]
            ],
            "CPU Usage": 49.9,
            "RAM Usage": 60.7,
            "GPU Usage": 10.0,
            "VRAM Usage": 508.0,
            "Disk Read Speed (MB/s)": 191410.546875,
            "Disk Write Speed (MB/s)": 293240.6923828125
        },
        {
            "step": 1,
            "train_loss": 0.05404411628842354,
            "actions_pred1": [
                [
                    [
                        0.33889544010162354,
                        0.09651973843574524,
                        0.918554425239563,
                        0.3306257128715515
                    ],
                    [
                        0.2416934370994568,
                        0.044696658849716187,
                        0.6622664928436279,
                        0.6392097473144531
                    ],
                    [
                        0.20793288946151733,
                        0.1346099078655243,
                        0.5374491214752197,
                        0.6273682117462158
                    ],
                    [
                        0.13875097036361694,
                        0.11069075018167496,
                        0.5762953758239746,
                        0.5014907121658325
                    ],
                    [
                        0.11054016649723053,
                        0.07727110385894775,
                        0.6189226508140564,
                        0.15200597047805786
                    ],
                    [
                        0.023961149156093597,
                        0.07601738721132278,
                        0.6622443795204163,
                        0.21464723348617554
                    ],
                    [
                        -0.06271079927682877,
                        0.007098056375980377,
                        0.7027394771575928,
                        0.17287594079971313
                    ],
                    [
                        -0.042555347084999084,
                        0.05808456242084503,
                        0.6355417966842651,
                        0.15019842982292175
                    ],
                    [
                        -0.04131999611854553,
                        0.11304856836795807,
                        0.6801508069038391,
                        0.031056910753250122
                    ],
                    [
                        -0.07198691368103027,
                        0.253231942653656,
                        0.6444998383522034,
                        0.18173418939113617
                    ],
                    [
                        -0.18398380279541016,
                        0.01189974695444107,
                        0.6758267283439636,
                        0.19822821021080017
                    ],
                    [
                        -0.174099400639534,
                        -0.04745779186487198,
                        0.6705822348594666,
                        0.09796372056007385
                    ],
                    [
                        -0.09617681801319122,
                        0.129873126745224,
                        0.9345728158950806,
                        0.16947844624519348
                    ],
                    [
                        -0.09934139251708984,
                        0.08239227533340454,
                        0.8159594535827637,
                        0.22778354585170746
                    ],
                    [
                        -0.1680312156677246,
                        0.08620767295360565,
                        0.7928977012634277,
                        0.15849408507347107
                    ],
                    [
                        -0.17197903990745544,
                        -0.14440712332725525,
                        0.9938247799873352,
                        0.22430706024169922
                    ],
                    [
                        -0.22971779108047485,
                        -0.13175702095031738,
                        1.056560754776001,
                        0.11590766906738281
                    ],
                    [
                        -0.17710131406784058,
                        0.028835348784923553,
                        0.8883232474327087,
                        0.18132776021957397
                    ],
                    [
                        -0.11358322948217392,
                        0.004016704857349396,
                        0.8266499042510986,
                        0.1265852451324463
                    ],
                    [
                        -0.10526465624570847,
                        0.12463803589344025,
                        0.7217642664909363,
                        0.18378931283950806
                    ]
                ]
            ],
            "actions_pred": [
                [
                    [
                        0.33889544010162354,
                        0.2416934370994568,
                        0.20793288946151733,
                        0.13875097036361694,
                        0.11054016649723053,
                        0.023961149156093597,
                        -0.06271079927682877,
                        -0.042555347084999084,
                        -0.04131999611854553,
                        -0.07198691368103027,
                        -0.18398380279541016,
                        -0.174099400639534,
                        -0.09617681801319122,
                        -0.09934139251708984,
                        -0.1680312156677246,
                        -0.17197903990745544,
                        -0.22971779108047485,
                        -0.17710131406784058,
                        -0.11358322948217392,
                        -0.10526465624570847
                    ],
                    [
                        0.09651973843574524,
                        0.044696658849716187,
                        0.1346099078655243,
                        0.11069075018167496,
                        0.07727110385894775,
                        0.07601738721132278,
                        0.007098056375980377,
                        0.05808456242084503,
                        0.11304856836795807,
                        0.253231942653656,
                        0.01189974695444107,
                        -0.04745779186487198,
                        0.129873126745224,
                        0.08239227533340454,
                        0.08620767295360565,
                        -0.14440712332725525,
                        -0.13175702095031738,
                        0.028835348784923553,
                        0.004016704857349396,
                        0.12463803589344025
                    ],
                    [
                        0.918554425239563,
                        0.6622664928436279,
                        0.5374491214752197,
                        0.5762953758239746,
                        0.6189226508140564,
                        0.6622443795204163,
                        0.7027394771575928,
                        0.6355417966842651,
                        0.6801508069038391,
                        0.6444998383522034,
                        0.6758267283439636,
                        0.6705822348594666,
                        0.9345728158950806,
                        0.8159594535827637,
                        0.7928977012634277,
                        0.9938247799873352,
                        1.056560754776001,
                        0.8883232474327087,
                        0.8266499042510986,
                        0.7217642664909363
                    ],
                    [
                        0.3306257128715515,
                        0.6392097473144531,
                        0.6273682117462158,
                        0.5014907121658325,
                        0.15200597047805786,
                        0.21464723348617554,
                        0.17287594079971313,
                        0.15019842982292175,
                        0.031056910753250122,
                        0.18173418939113617,
                        0.19822821021080017,
                        0.09796372056007385,
                        0.16947844624519348,
                        0.22778354585170746,
                        0.15849408507347107,
                        0.22430706024169922,
                        0.11590766906738281,
                        0.18132776021957397,
                        0.1265852451324463,
                        0.18378931283950806
                    ]
                ]
            ],
            "states": [
                [
                    [
                        195480.0,
                        0.00017859364743344486,
                        0.0014523763675242662,
                        455306.15625
                    ],
                    [
                        224440.0,
                        0.00017706550715956837,
                        0.0012122188927605748,
                        199210.375
                    ],
                    [
                        260640.0,
                        0.00017533254867885262,
                        0.0010567386634647846,
                        291813.4375
                    ],
                    [
                        231680.0,
                        0.00017360733181703836,
                        0.0010331012308597565,
                        619352.5625
                    ],
                    [
                        201272.0,
                        0.00017211795784533024,
                        0.0008577806875109673,
                        757621.5
                    ],
                    [
                        233128.0,
                        0.0001706496550468728,
                        0.002856994280591607,
                        402371.75
                    ],
                    [
                        238920.0,
                        0.00016908197721932083,
                        0.005327177233994007,
                        418626.09375
                    ],
                    [
                        185344.0,
                        0.00016769685316830873,
                        0.006734849885106087,
                        490648.125
                    ],
                    [
                        205616.0,
                        0.000166440979228355,
                        0.008968048729002476,
                        304516.78125
                    ],
                    [
                        195480.0,
                        0.00016517171752639115,
                        0.00019177634385414422,
                        553446.625
                    ],
                    [
                        202720.0,
                        0.00016393074474763125,
                        0.0001491233124397695,
                        853423.1875
                    ],
                    [
                        209960.0,
                        0.00016266417514998466,
                        0.0002625611668918282,
                        298799.9375
                    ],
                    [
                        209960.0,
                        0.0001613952626939863,
                        0.0004885925445705652,
                        376011.875
                    ],
                    [
                        144800.0,
                        0.00016033815336413682,
                        0.0010367168579250574,
                        94745.609375
                    ],
                    [
                        246160.0,
                        0.00015919026918709278,
                        0.0028569940477609634,
                        223245.734375
                    ],
                    [
                        253400.0,
                        0.000157746413606219,
                        0.005327177233994007,
                        267948.78125
                    ],
                    [
                        296840.0,
                        0.00015618640463799238,
                        0.006734849885106087,
                        291045.46875
                    ],
                    [
                        340280.0,
                        0.0001544181868666783,
                        0.008968048729002476,
                        376205.125
                    ],
                    [
                        405440.0,
                        0.0001523990067653358,
                        0.010990988463163376,
                        467932.84375
                    ],
                    [
                        463360.0,
                        0.0001501120423199609,
                        0.011323424987494946,
                        301846.5
                    ]
                ]
            ],
            "actions": [
                [
                    [
                        0.25
                    ],
                    [
                        0.25
                    ],
                    [
                        0.25
                    ],
                    [
                        0.25
                    ],
                    [
                        0.25
                    ],
                    [
                        0.25
                    ],
                    [
                        0.25
                    ],
                    [
                        0.25
                    ],
                    [
                        0.25
                    ],
                    [
                        0.25
                    ],
                    [
                        0.25
                    ],
                    [
                        0.25
                    ],
                    [
                        0.25
                    ],
                    [
                        0.25
                    ],
                    [
                        0.25
                    ],
                    [
                        0.25
                    ],
                    [
                        0.25
                    ],
                    [
                        0.25
                    ],
                    [
                        0.25
                    ],
                    [
                        0.25
                    ]
                ]
            ],
            "returns": [
                [
                    [
                        0.0820998102426529
                    ],
                    [
                        0.0814596638083458
                    ],
                    [
                        0.08080726861953735
                    ],
                    [
                        0.08014161884784698
                    ],
                    [
                        0.0794864147901535
                    ],
                    [
                        0.07884368300437927
                    ],
                    [
                        0.07818792015314102
                    ],
                    [
                        0.07752998173236847
                    ],
                    [
                        0.07689455896615982
                    ],
                    [
                        0.07624993473291397
                    ],
                    [
                        0.07560978829860687
                    ],
                    [
                        0.0749664157629013
                    ],
                    [
                        0.07431993633508682
                    ],
                    [
                        0.07367345690727234
                    ],
                    [
                        0.07305991649627686
                    ],
                    [
                        0.0723993331193924
                    ],
                    [
                        0.07173618674278259
                    ],
                    [
                        0.07105900347232819
                    ],
                    [
                        0.07036971300840378
                    ],
                    [
                        0.06966488808393478
                    ]
                ]
            ],
            "timesteps": [
                [
                    540,
                    541,
                    542,
                    543,
                    544,
                    545,
                    546,
                    547,
                    548,
                    549,
                    550,
                    551,
                    552,
                    553,
                    554,
                    555,
                    556,
                    557,
                    558,
                    559
                ]
            ],
            "labels": [
                [
                    0,
                    0,
                    0,
                    0,
                    0,
                    0,
                    0,
                    0,
                    0,
                    0,
                    0,
                    0,
                    0,
                    0,
                    0,
                    0,
                    0,
                    0,
                    0,
                    0
                ]
            ],
            "CPU Usage": 49.3,
            "RAM Usage": 61.5,
            "GPU Usage": 12.0,
            "VRAM Usage": 508.0,
            "Disk Read Speed (MB/s)": 191410.546875,
            "Disk Write Speed (MB/s)": 293240.9423828125
        },
        {
            "step": 2,
            "train_loss": 0.03319362550973892,
            "actions_pred1": [
                [
                    [
                        0.23111140727996826,
                        -0.12409502267837524,
                        0.3435094952583313,
                        0.5926900506019592
                    ],
                    [
                        0.15376326441764832,
                        0.06048230826854706,
                        0.40273451805114746,
                        0.6412422060966492
                    ],
                    [
                        0.18602842092514038,
                        0.13046319782733917,
                        0.389484703540802,
                        0.486255407333374
                    ],
                    [
                        0.14988772571086884,
                        0.07060771435499191,
                        0.27918553352355957,
                        0.4505842328071594
                    ],
                    [
                        -0.08818608522415161,
                        0.2914963960647583,
                        0.49822676181793213,
                        0.31649520993232727
                    ],
                    [
                        -0.20966626703739166,
                        0.0944211408495903,
                        0.542201042175293,
                        0.3434092402458191
                    ],
                    [
                        -0.06216013431549072,
                        0.13237503170967102,
                        0.5898491144180298,
                        0.4621976613998413
                    ],
                    [
                        0.12724941968917847,
                        -0.17120051383972168,
                        0.6577278971672058,
                        0.37561118602752686
                    ],
                    [
                        -0.07080522179603577,
                        -0.04562683403491974,
                        0.8141099214553833,
                        0.357906699180603
                    ],
                    [
                        -0.1482335329055786,
                        0.021025925874710083,
                        0.7545378804206848,
                        0.38046640157699585
                    ],
                    [
                        -0.0332539901137352,
                        -0.056660301983356476,
                        0.6508034467697144,
                        0.34974220395088196
                    ],
                    [
                        0.042736075818538666,
                        0.031002458184957504,
                        0.7116625308990479,
                        0.422055721282959
                    ],
                    [
                        -0.01337917149066925,
                        4.922598600387573e-05,
                        0.6860896348953247,
                        0.3572959303855896
                    ],
                    [
                        -0.10473236441612244,
                        -0.11839796602725983,
                        0.7415071725845337,
                        0.31716540455818176
                    ],
                    [
                        -0.15963509678840637,
                        -0.06141151115298271,
                        0.7042964696884155,
                        0.4014511704444885
                    ],
                    [
                        -0.20804275572299957,
                        -0.041293710470199585,
                        0.6439636945724487,
                        0.5323230028152466
                    ],
                    [
                        -0.11856814473867416,
                        -0.027869731187820435,
                        0.7154265642166138,
                        0.5552468299865723
                    ],
                    [
                        -0.06707210093736649,
                        -0.007055275142192841,
                        0.7854044437408447,
                        0.5769242644309998
                    ],
                    [
                        -0.004425060003995895,
                        0.05785507708787918,
                        0.9945358037948608,
                        0.4411839246749878
                    ],
                    [
                        -0.02736593782901764,
                        -0.001083366572856903,
                        0.8644454479217529,
                        0.4032665491104126
                    ]
                ]
            ],
            "actions_pred": [
                [
                    [
                        0.23111140727996826,
                        0.15376326441764832,
                        0.18602842092514038,
                        0.14988772571086884,
                        -0.08818608522415161,
                        -0.20966626703739166,
