{
    "steps": [
        {
            "step": 0,
            "train_loss": 0.04282137006521225,
            "actions_pred1": [
                [
                    [
                        -0.530628502368927,
                        -0.5145198702812195,
                        0.6042299270629883,
                        0.4825168251991272
                    ],
                    [
                        -0.4683246314525604,
                        -0.4453566372394562,
                        0.5672369003295898,
                        0.40416374802589417
                    ],
                    [
                        -0.4241795241832733,
                        -0.21115563809871674,
                        0.5853153467178345,
                        0.3642919063568115
                    ],
                    [
                        -0.40126359462738037,
                        -0.22030998766422272,
                        0.5173816680908203,
                        0.4491407573223114
                    ],
                    [
                        -0.5455718636512756,
                        -0.034709587693214417,
                        0.6489519476890564,
                        0.45921626687049866
                    ],
                    [
                        -0.6224832534790039,
                        -0.037870168685913086,
                        0.6410926580429077,
                        0.4547206163406372
                    ],
                    [
                        -0.43435347080230713,
                        -0.1645585000514984,
                        0.5443141460418701,
                        0.5653939247131348
                    ],
                    [
                        -0.3444409966468811,
                        -0.07743079960346222,
                        0.5849846601486206,
                        0.6539918780326843
                    ],
                    [
                        -0.3934045433998108,
                        -0.10113032907247543,
                        0.5695883631706238,
                        0.6035777926445007
                    ],
                    [
                        -0.4163111746311188,
                        -0.01772885024547577,
                        0.6439521312713623,
                        0.41048723459243774
                    ],
                    [
                        -0.3978530764579773,
                        -0.01139618456363678,
                        0.6387465000152588,
                        0.5668487548828125
                    ],
                    [
                        -0.41747811436653137,
                        -0.03281095623970032,
                        0.6338757872581482,
                        0.4998374581336975
                    ],
                    [
                        -0.21164384484291077,
                        -0.10990873724222183,
                        0.6729004383087158,
                        0.45350322127342224
                    ],
                    [
                        -0.21844100952148438,
                        -0.1514858603477478,
                        0.5739243626594543,
                        0.5887402296066284
                    ],
                    [
                        -0.1148773655295372,
                        -0.16001901030540466,
                        0.544236958026886,
                        0.5673102736473083
                    ],
                    [
                        -0.23782730102539062,
                        -0.1798505336046219,
                        0.5395787954330444,
                        0.5150057077407837
                    ],
                    [
                        -0.4305543303489685,
                        -0.15376979112625122,
                        0.5456128120422363,
                        0.4942084550857544
                    ],
                    [
                        -0.4099843502044678,
                        -0.11526433378458023,
                        0.620508074760437,
                        0.3863942623138428
                    ],
                    [
                        -0.3786139488220215,
                        -0.07248757034540176,
                        0.6959279775619507,
                        0.48023808002471924
                    ],
                    [
                        -0.37768280506134033,
                        -0.13770771026611328,
                        0.5013603568077087,
                        0.49315428733825684
                    ]
                ]
            ],
            "actions_pred": [
                [
                    [
                        -0.530628502368927,
                        -0.4683246314525604,
                        -0.4241795241832733,
                        -0.40126359462738037,
                        -0.5455718636512756,
                        -0.6224832534790039,
                        -0.43435347080230713,
                        -0.3444409966468811,
                        -0.3934045433998108,
                        -0.4163111746311188,
                        -0.3978530764579773,
                        -0.41747811436653137,
                        -0.21164384484291077,
                        -0.21844100952148438,
                        -0.1148773655295372,
                        -0.23782730102539062,
                        -0.4305543303489685,
                        -0.4099843502044678,
                        -0.3786139488220215,
                        -0.37768280506134033
                    ],
                    [
                        -0.5145198702812195,
                        -0.4453566372394562,
                        -0.21115563809871674,
                        -0.22030998766422272,
                        -0.034709587693214417,
                        -0.037870168685913086,
                        -0.1645585000514984,
                        -0.07743079960346222,
                        -0.10113032907247543,
                        -0.01772885024547577,
                        -0.01139618456363678,
                        -0.03281095623970032,
                        -0.10990873724222183,
                        -0.1514858603477478,
                        -0.16001901030540466,
                        -0.1798505336046219,
                        -0.15376979112625122,
                        -0.11526433378458023,
                        -0.07248757034540176,
                        -0.13770771026611328
                    ],
                    [
                        0.6042299270629883,
                        0.5672369003295898,
                        0.5853153467178345,
                        0.5173816680908203,
                        0.6489519476890564,
                        0.6410926580429077,
                        0.5443141460418701,
                        0.5849846601486206,
                        0.5695883631706238,
                        0.6439521312713623,
                        0.6387465000152588,
                        0.6338757872581482,
                        0.6729004383087158,
                        0.5739243626594543,
                        0.544236958026886,
                        0.5395787954330444,
                        0.5456128120422363,
                        0.620508074760437,
                        0.6959279775619507,
                        0.5013603568077087
                    ],
                    [
                        0.4825168251991272,
                        0.40416374802589417,
                        0.3642919063568115,
                        0.4491407573223114,
                        0.45921626687049866,
                        0.4547206163406372,
                        0.5653939247131348,
                        0.6539918780326843,
                        0.6035777926445007,
                        0.41048723459243774,
                        0.5668487548828125,
                        0.4998374581336975,
                        0.45350322127342224,
                        0.5887402296066284,
                        0.5673102736473083,
                        0.5150057077407837,
                        0.4942084550857544,
                        0.3863942623138428,
                        0.48023808002471924,
                        0.49315428733825684
                    ]
                ]
            ],
            "states": [
                [
                    [
                        5527016.0,
                        1.5349276509368792e-05,
                        0.0002737951872404665,
                        805844.5
                    ],
                    [
                        5095512.0,
                        1.517824421171099e-05,
                        0.0002537628752179444,
                        822709.0625
                    ],
                    [
                        5057864.0,
                        1.501830956840422e-05,
                        0.0002845273702405393,
                        817377.8125
                    ],
                    [
                        5703672.0,
                        1.4852455933578312e-05,
                        0.00027429292094893754,
                        848477.75
                    ],
                    [
                        5414072.0,
                        1.4684866982861422e-05,
                        0.0002784566895570606,
                        829260.1875
                    ],
                    [
                        5337328.0,
                        1.452638753107749e-05,
                        0.00027366288122721016,
                        838067.9375
                    ],
                    [
                        5141848.0,
                        1.4375169484992512e-05,
                        0.0002617421268951148,
                        823064.0
                    ],
                    [
                        5211352.0,
                        1.422882269253023e-05,
                        0.000270931632257998,
                        844933.9375
                    ],
                    [
                        5386560.0,
                        1.4082077541388571e-05,
                        0.00027350522577762604,
                        861893.1875
                    ],
                    [
                        5118680.0,
                        1.3939571545051876e-05,
                        0.0002609447401482612,
                        831639.4375
                    ],
                    [
                        5401040.0,
                        1.3799754015053622e-05,
                        0.0002695223083719611,
                        814358.625
                    ],
                    [
                        5211352.0,
                        1.3661498996953014e-05,
                        0.00026009109569713473,
                        868776.75
                    ],
                    [
                        142.0,
                        0.21944443881511688,
                        0.00015429843915626407,
                        853.0870361328125
                    ],
                    [
                        4879797.0,
                        0.008871808648109436,
                        0.0001451207062928006,
                        568995.3125
                    ],
                    [
                        6620256.0,
                        0.0009351735934615135,
                        0.00015239168715197593,
                        450753.09375
                    ],
                    [
                        9419240.0,
                        0.00045934959780424833,
                        0.0001363051705993712,
                        480722.0
                    ],
                    [
                        9852192.0,
                        0.0002833923790603876,
                        0.0001300903531955555,
                        459858.53125
                    ],
                    [
                        9448200.0,
                        0.0002050806797342375,
                        0.026162419468164444,
                        444324.5625
                    ],
                    [
                        10519720.0,
                        0.00015983681078068912,
                        0.00028762174770236015,
                        442793.625
                    ],
                    [
                        11032312.0,
                        0.00012905527546536177,
                        0.00021737493807449937,
                        442420.15625
                    ]
                ]
            ],
            "actions": [
                [
                    [
                        0.75
                    ],
                    [
                        0.75
                    ],
                    [
                        0.75
                    ],
                    [
                        0.75
                    ],
                    [
                        0.75
                    ],
                    [
                        0.75
                    ],
                    [
                        0.75
                    ],
                    [
                        0.75
                    ],
                    [
                        0.75
                    ],
                    [
                        0.75
                    ],
                    [
                        0.75
                    ],
                    [
                        0.75
                    ],
                    [
                        0.25
                    ],
                    [
                        0.25
                    ],
                    [
                        0.25
                    ],
                    [
                        0.25
                    ],
                    [
                        0.25
                    ],
                    [
                        0.25
                    ],
                    [
                        0.25
                    ],
                    [
                        0.25
                    ]
                ]
            ],
            "returns": [
                [
                    [
                        0.30454936623573303
                    ],
                    [
                        0.30361291766166687
                    ],
                    [
                        0.3026837110519409
                    ],
                    [
                        0.3017551302909851
                    ],
                    [
                        0.3008159101009369
                    ],
                    [
                        0.29988130927085876
                    ],
                    [
                        0.2989479601383209
                    ],
                    [
                        0.2980179190635681
                    ],
                    [
                        0.2970867156982422
                    ],
                    [
                        0.2961525619029999
                    ],
                    [
                        0.2952229082584381
                    ],
                    [
                        0.2942885160446167
                    ],
                    [
                        0.29335731267929077
                    ],
                    [
                        0.29335731267929077
                    ],
                    [
                        0.29243192076683044
                    ],
                    [
                        0.2914794683456421
                    ],
                    [
                        0.29049578309059143
                    ],
                    [
                        0.2895081043243408
                    ],
                    [
                        0.2885241210460663
                    ],
                    [
                        0.2875306308269501
                    ]
                ]
            ],
            "timesteps": [
                [
                    300,
                    301,
                    302,
                    303,
                    304,
                    305,
                    306,
                    307,
                    308,
                    309,
                    310,
                    311,
                    312,
                    313,
                    314,
                    315,
                    316,
                    317,
                    318,
                    319
                ]
            ],
            "labels": [
                [
                    2,
                    2,
                    2,
                    2,
                    2,
                    2,
                    2,
                    2,
                    2,
                    2,
                    2,
                    2,
                    0,
                    0,
                    0,
                    0,
                    0,
                    0,
                    0,
                    0
                ]
            ],
            "CPU Usage": 51.2,
            "RAM Usage": 57.3,
            "GPU Usage": 13.0,
            "VRAM Usage": 573.0,
            "Disk Read Speed (MB/s)": 190455.0361328125,
            "Disk Write Speed (MB/s)": 272966.0478515625
        },
        {
            "step": 1,
            "train_loss": 0.06788790971040726,
            "actions_pred1": [
                [
                    [
                        -0.26650989055633545,
                        -0.1033964455127716,
                        0.6595439314842224,
                        0.5020190477371216
                    ],
                    [
                        -0.3326316475868225,
                        0.02610814943909645,
                        0.6316230893135071,
                        0.7564489245414734
                    ],
                    [
                        -0.47989678382873535,
                        -0.05404636263847351,
                        0.36277565360069275,
                        0.8734275698661804
                    ],
                    [
                        -0.5131104588508606,
                        -0.058084115386009216,
                        0.3535844087600708,
                        0.7874460816383362
                    ],
                    [
                        -0.41082674264907837,
                        -0.09495793282985687,
                        0.5080704092979431,
                        0.6667971611022949
                    ],
                    [
                        -0.4755345284938812,
                        -0.03894917666912079,
                        0.6902652382850647,
                        0.656830370426178
                    ],
                    [
                        -0.5323095917701721,
                        -0.07670940458774567,
                        0.7962349057197571,
                        0.5500420331954956
                    ],
                    [
                        -0.7081114649772644,
                        -0.05442418158054352,
                        0.790319561958313,
                        0.5191020965576172
                    ],
                    [
                        -0.569441020488739,
                        -0.023829907178878784,
                        0.8356590270996094,
                        0.563363254070282
                    ],
                    [
                        -0.6217412948608398,
                        -0.035880789160728455,
                        0.9425008296966553,
                        0.5716002583503723
                    ],
                    [
                        -0.6558601260185242,
                        -0.0673348605632782,
                        0.8564850687980652,
                        0.56806880235672
                    ],
                    [
                        -0.3789060115814209,
                        -0.23250898718833923,
                        0.8566340804100037,
                        0.5378614664077759
                    ],
                    [
                        -0.502293050289154,
                        -0.21808308362960815,
                        0.8434350490570068,
                        0.5912390947341919
                    ],
                    [
                        -0.47333741188049316,
                        -0.24596786499023438,
                        0.7738502025604248,
                        0.4636247158050537
                    ],
                    [
                        -0.3954969644546509,
                        -0.12560689449310303,
                        0.7620945572853088,
                        0.5443593263626099
                    ],
                    [
                        -0.4310361444950104,
                        -0.11044536530971527,
                        0.8074389100074768,
                        0.4590609073638916
                    ],
                    [
                        -0.47666284441947937,
                        -0.03834199160337448,
                        0.8164125680923462,
                        0.5017163753509521
                    ],
                    [
                        -0.4440065622329712,
                        -0.06292225420475006,
                        0.7478164434432983,
                        0.6000223159790039
                    ],
                    [
                        -0.4402678310871124,
                        -0.11474986374378204,
                        0.8147934675216675,
                        0.5151212215423584
                    ],
                    [
                        -0.44431278109550476,
                        -0.24806001782417297,
                        0.7801929712295532,
                        0.5756641626358032
                    ]
                ]
            ],
            "actions_pred": [
                [
                    [
                        -0.26650989055633545,
                        -0.3326316475868225,
                        -0.47989678382873535,
                        -0.5131104588508606,
                        -0.41082674264907837,
                        -0.4755345284938812,
                        -0.5323095917701721,
                        -0.7081114649772644,
                        -0.569441020488739,
                        -0.6217412948608398,
                        -0.6558601260185242,
                        -0.3789060115814209,
                        -0.502293050289154,
                        -0.47333741188049316,
                        -0.3954969644546509,
                        -0.4310361444950104,
                        -0.47666284441947937,
                        -0.4440065622329712,
                        -0.4402678310871124,
                        -0.44431278109550476
                    ],
                    [
                        -0.1033964455127716,
                        0.02610814943909645,
                        -0.05404636263847351,
                        -0.058084115386009216,
                        -0.09495793282985687,
                        -0.03894917666912079,
                        -0.07670940458774567,
                        -0.05442418158054352,
                        -0.023829907178878784,
                        -0.035880789160728455,
                        -0.0673348605632782,
                        -0.23250898718833923,
                        -0.21808308362960815,
                        -0.24596786499023438,
                        -0.12560689449310303,
                        -0.11044536530971527,
                        -0.03834199160337448,
                        -0.06292225420475006,
                        -0.11474986374378204,
                        -0.24806001782417297
                    ],
                    [
                        0.6595439314842224,
                        0.6316230893135071,
                        0.36277565360069275,
                        0.3535844087600708,
                        0.5080704092979431,
                        0.6902652382850647,
                        0.7962349057197571,
                        0.790319561958313,
                        0.8356590270996094,
                        0.9425008296966553,
                        0.8564850687980652,
                        0.8566340804100037,
                        0.8434350490570068,
                        0.7738502025604248,
                        0.7620945572853088,
                        0.8074389100074768,
                        0.8164125680923462,
                        0.7478164434432983,
                        0.8147934675216675,
                        0.7801929712295532
                    ],
                    [
                        0.5020190477371216,
                        0.7564489245414734,
                        0.8734275698661804,
                        0.7874460816383362,
                        0.6667971611022949,
                        0.656830370426178,
                        0.5500420331954956,
                        0.5191020965576172,
                        0.563363254070282,
                        0.5716002583503723,
                        0.56806880235672,
                        0.5378614664077759,
                        0.5912390947341919,
                        0.4636247158050537,
                        0.5443593263626099,
                        0.4590609073638916,
                        0.5017163753509521,
                        0.6000223159790039,
                        0.5151212215423584,
                        0.5756641626358032
                    ]
                ]
            ],
            "states": [
                [
                    [
                        6621704.0,
                        1.1313585673633497e-05,
                        0.0001999229716602713,
                        484312.6875
                    ],
                    [
                        5593624.0,
                        1.1206535418750718e-05,
                        0.0002002958208322525,
                        482520.40625
                    ],
                    [
                        5813720.0,
                        1.1108420039818157e-05,
                        0.0002003357367357239,
                        504661.125
                    ],
                    [
                        6207576.0,
                        1.1006884960806929e-05,
                        0.00022690219338983297,
                        474948.0
                    ],
                    [
                        8008888.0,
                        1.0889214536291547e-05,
                        0.00020534798386506736,
                        464277.84375
                    ],
                    [
                        6072912.0,
                        1.0774994734674692e-05,
                        0.00021573639241978526,
                        487907.71875
                    ],
                    [
                        5771728.0,
                        1.0680801096896175e-05,
                        0.00024723794194869697,
                        495985.625
                    ],
                    [
                        6184408.0,
                        1.058739326253999e-05,
                        0.00024693002342246473,
                        490380.28125
                    ],
                    [
                        5453168.0,
                        1.0498003575776238e-05,
                        0.00023204070748761296,
                        479010.4375
                    ],
                    [
                        5473440.0,
                        1.0415451470180415e-05,
                        0.00018021401774603873,
                        503120.46875
                    ],
                    [
                        5495160.0,
                        1.0333877071388997e-05,
                        0.0002400711819063872,
                        501130.78125
                    ],
                    [
                        5522672.0,
                        1.0253213076794054e-05,
                        0.000246424344368279,
                        482833.53125
                    ],
                    [
                        5845344.0,
                        1.0171300345973577e-05,
                        0.0002318411279702559,
                        521404.9375
                    ],
                    [
                        5531592.0,
                        1.0090602700074669e-05,
                        0.00026174713275395334,
                        512859.59375
                    ],
                    [
                        5728288.0,
                        1.0011996891989838e-05,
                        0.0002589555806480348,
                        492848.15625
                    ],
                    [
                        8446184.0,
                        9.914833754010033e-06,
                        0.0002588448696769774,
                        439526.84375
                    ],
                    [
                        5611000.0,
                        9.82020083029056e-06,
                        0.0002629015070851892,
                        482211.375
                    ],
                    [
                        5854264.0,
                        9.744398084876593e-06,
                        0.00024613598361611366,
                        493941.5
                    ],
                    [
                        5595072.0,
                        9.669850442151073e-06,
                        0.00026028408319689333,
                        487503.5625
                    ],
                    [
                        5576248.0,
                        9.598206816008314e-06,
                        0.000249440228799358,
                        493113.71875
                    ]
                ]
            ],
            "actions": [
                [
                    [
                        0.25
                    ],
                    [
                        0.25
                    ],
                    [
                        0.25
                    ],
                    [
                        0.25
                    ],
                    [
                        0.25
                    ],
                    [
                        0.25
                    ],
                    [
                        0.25
                    ],
                    [
                        0.25
                    ],
                    [
                        0.25
                    ],
                    [
                        0.25
                    ],
                    [
                        0.25
                    ],
                    [
                        0.25
                    ],
                    [
                        0.25
                    ],
                    [
                        0.25
                    ],
                    [
                        0.25
                    ],
                    [
                        0.25
                    ],
                    [
                        0.25
                    ],
                    [
                        0.25
                    ],
                    [
                        0.25
                    ],
                    [
                        0.25
                    ]
                ]
            ],
            "returns": [
                [
                    [
                        0.22746260464191437
                    ],
                    [
                        0.22651013731956482
                    ],
                    [
                        0.2255726456642151
                    ],
                    [
                        0.22463172674179077
                    ],
                    [
                        0.22368499636650085
                    ],
                    [
                        0.22271567583084106
                    ],
                    [
                        0.22177089750766754
                    ],
                    [
                        0.22083061933517456
                    ],
                    [
                        0.2198842167854309
                    ],
                    [
                        0.21894897520542145
                    ],
                    [
                        0.21801340579986572
                    ],
                    [
                        0.21707747876644135
                    ],
                    [
                        0.21614111959934235
                    ],
                    [
                        0.21519970893859863
                    ],
                    [
                        0.2142632007598877
                    ],
                    [
                        0.21332359313964844
                    ],
                    [
                        0.2123495638370514
                    ],
                    [
                        0.21141178905963898
                    ],
                    [
                        0.2104702591896057
                    ],
                    [
                        0.2095327377319336
                    ]
                ]
            ],
            "timesteps": [
                [
                    380,
                    381,
                    382,
                    383,
                    384,
                    385,
                    386,
                    387,
                    388,
                    389,
                    390,
                    391,
                    392,
                    393,
                    394,
                    395,
                    396,
                    397,
                    398,
                    399
                ]
            ],
            "labels": [
                [
                    0,
                    0,
                    0,
                    0,
                    0,
                    0,
                    0,
                    0,
                    0,
                    0,
                    0,
                    0,
                    0,
                    0,
                    0,
                    0,
                    0,
                    0,
                    0,
                    0
                ]
            ],
            "CPU Usage": 51.5,
            "RAM Usage": 58.2,
            "GPU Usage": 8.0,
            "VRAM Usage": 573.0,
            "Disk Read Speed (MB/s)": 190455.0400390625,
            "Disk Write Speed (MB/s)": 272966.8603515625
        },
        {
            "step": 2,
            "train_loss": 0.052797816693782806,
            "actions_pred1": [
                [
                    [
                        0.23885047435760498,
                        -0.17725315690040588,
                        0.34274041652679443,
                        0.6167832016944885
                    ],
                    [
                        0.3943224847316742,
                        -0.3212220370769501,
                        0.3984944224357605,
                        0.6391422748565674
                    ],
                    [
                        0.16090601682662964,
                        -0.13071683049201965,
                        0.36457759141921997,
                        0.5451986789703369
                    ],
                    [
                        -0.05528368055820465,
                        -0.07689663767814636,
                        0.40837469696998596,
                        0.48630625009536743
                    ],
                    [
                        -0.025521807372570038,
                        -0.05374056100845337,
                        0.44227609038352966,
                        0.44346362352371216
                    ],
                    [
                        -0.06523185968399048,
                        -0.08458994328975677,
                        0.46317553520202637,
                        0.3225918412208557
                    ],
                    [
                        -0.0698506310582161,
                        -0.05152943730354309,
                        0.4825822710990906,
                        0.3842111825942993
                    ],
                    [
                        -0.114814892411232,
                        -0.15192446112632751,
                        0.23912091553211212,
                        0.4392583966255188
                    ],
                    [
                        -0.10342925041913986,
                        -0.15756171941757202,
                        0.2600977420806885,
                        0.4314633905887604
                    ],
                    [
                        -0.06889098137617111,
                        -0.07555054128170013,
                        0.30503445863723755,
                        0.491036593914032
                    ],
                    [
                        0.005755916237831116,
                        -0.051958829164505005,
                        0.3141719102859497,
                        0.5625759959220886
                    ],
                    [
                        -0.04225451499223709,
                        -0.038798749446868896,
                        0.34263885021209717,
                        0.6085492372512817
                    ],
                    [
                        -0.09186944365501404,
                        -0.06585179269313812,
                        0.23619785904884338,
                        0.5526899695396423
                    ],
                    [
                        -0.27796995639801025,
                        0.005814164876937866,
                        0.368177592754364,
                        0.6297969818115234
                    ],
                    [
                        -0.2845633924007416,
                        -0.1066918820142746,
                        0.44599100947380066,
                        0.3774360418319702
                    ],
                    [
                        -0.323352575302124,
                        -0.10024755448102951,
                        0.4924711585044861,
                        0.4205598831176758
                    ],
                    [
                        -0.28618839383125305,
                        -0.04461437463760376,
                        0.5834487676620483,
                        0.37886670231819153
                    ],
                    [
                        -0.21643677353858948,
                        0.009220249950885773,
                        0.6181535720825195,
                        0.44752925634384155
                    ],
                    [
                        -0.23131263256072998,
                        0.005707748234272003,
                        0.38316357135772705,
                        0.5310200452804565
                    ],
                    [
                        -0.3373418152332306,
                        -0.0015979036688804626,
                        0.4380802810192108,
                        0.5194394588470459
                    ]
                ]
            ],
            "actions_pred": [
                [
                    [
                        0.23885047435760498,
                        0.3943224847316742,
                        0.16090601682662964,
                        -0.05528368055820465,
                        -0.025521807372570038,
