{
    "steps": [
        {
            "step": 0,
            "train_loss": 0.0673193708062172,
            "actions_pred1": [
                [
                    [
                        -0.2496095597743988,
                        -0.08984297513961792,
                        0.6982909440994263,
                        0.4396708905696869
                    ],
                    [
                        -0.31601718068122864,
                        0.03862134739756584,
                        0.6702003479003906,
                        0.69322669506073
                    ],
                    [
                        -0.4634356200695038,
                        -0.04064921289682388,
                        0.4035184383392334,
                        0.809166431427002
                    ],
                    [
                        -0.49633312225341797,
                        -0.04553064703941345,
                        0.39399513602256775,
                        0.723281979560852
                    ],
                    [
                        -0.3936094641685486,
                        -0.0838182345032692,
                        0.5486783981323242,
                        0.6012711524963379
                    ],
                    [
                        -0.45847856998443604,
                        -0.027913473546504974,
                        0.731610894203186,
                        0.5920265913009644
                    ],
                    [
                        -0.5142761468887329,
                        -0.06545998156070709,
                        0.8353893756866455,
                        0.4868538975715637
                    ],
                    [
                        -0.690264880657196,
                        -0.04280242323875427,
                        0.8292149305343628,
                        0.45620080828666687
                    ],
                    [
                        -0.553916871547699,
                        -0.011685699224472046,
                        0.8776165843009949,
                        0.4981413185596466
                    ],
                    [
                        -0.6053539514541626,
                        -0.024460628628730774,
                        0.9821656346321106,
                        0.506362795829773
                    ],
                    [
                        -0.6393362879753113,
                        -0.05578790605068207,
                        0.8976437449455261,
                        0.5023741722106934
                    ],
                    [
                        -0.3604663610458374,
                        -0.22259798645973206,
                        0.8953245878219604,
                        0.4750496745109558
                    ],
                    [
                        -0.48415911197662354,
                        -0.20778174698352814,
                        0.8822967410087585,
                        0.529221773147583
                    ],
                    [
                        -0.45610642433166504,
                        -0.23577502369880676,
                        0.8110901117324829,
                        0.4018633961677551
                    ],
                    [
                        -0.37763547897338867,
                        -0.11444047093391418,
                        0.8008288145065308,
                        0.48204582929611206
                    ],
                    [
                        -0.4132273197174072,
                        -0.0992632508277893,
                        0.8470788598060608,
                        0.3959921598434448
                    ],
                    [
                        -0.45906761288642883,
                        -0.026351191103458405,
                        0.8573988080024719,
                        0.43661004304885864
                    ],
                    [
                        -0.4275468587875366,
                        -0.0513886958360672,
                        0.7897944450378418,
                        0.5347764492034912
                    ],
                    [
                        -0.423353374004364,
                        -0.10388186573982239,
                        0.855400562286377,
                        0.4508301019668579
                    ],
                    [
                        -0.427669882774353,
                        -0.23732101917266846,
                        0.8197755813598633,
                        0.5115559697151184
                    ]
                ]
            ],
            "actions_pred": [
                [
                    [
                        -0.2496095597743988,
                        -0.31601718068122864,
                        -0.4634356200695038,
                        -0.49633312225341797,
                        -0.3936094641685486,
                        -0.45847856998443604,
                        -0.5142761468887329,
                        -0.690264880657196,
                        -0.553916871547699,
                        -0.6053539514541626,
                        -0.6393362879753113,
                        -0.3604663610458374,
                        -0.48415911197662354,
                        -0.45610642433166504,
                        -0.37763547897338867,
                        -0.4132273197174072,
                        -0.45906761288642883,
                        -0.4275468587875366,
                        -0.423353374004364,
                        -0.427669882774353
                    ],
                    [
                        -0.08984297513961792,
                        0.03862134739756584,
                        -0.04064921289682388,
                        -0.04553064703941345,
                        -0.0838182345032692,
                        -0.027913473546504974,
                        -0.06545998156070709,
                        -0.04280242323875427,
                        -0.011685699224472046,
                        -0.024460628628730774,
                        -0.05578790605068207,
                        -0.22259798645973206,
                        -0.20778174698352814,
                        -0.23577502369880676,
                        -0.11444047093391418,
                        -0.0992632508277893,
                        -0.026351191103458405,
                        -0.0513886958360672,
                        -0.10388186573982239,
                        -0.23732101917266846
                    ],
                    [
                        0.6982909440994263,
                        0.6702003479003906,
                        0.4035184383392334,
                        0.39399513602256775,
                        0.5486783981323242,
                        0.731610894203186,
                        0.8353893756866455,
                        0.8292149305343628,
                        0.8776165843009949,
                        0.9821656346321106,
                        0.8976437449455261,
                        0.8953245878219604,
                        0.8822967410087585,
                        0.8110901117324829,
                        0.8008288145065308,
                        0.8470788598060608,
                        0.8573988080024719,
                        0.7897944450378418,
                        0.855400562286377,
                        0.8197755813598633
                    ],
                    [
                        0.4396708905696869,
                        0.69322669506073,
                        0.809166431427002,
                        0.723281979560852,
                        0.6012711524963379,
                        0.5920265913009644,
                        0.4868538975715637,
                        0.45620080828666687,
                        0.4981413185596466,
                        0.506362795829773,
                        0.5023741722106934,
                        0.4750496745109558,
                        0.529221773147583,
                        0.4018633961677551,
                        0.48204582929611206,
                        0.3959921598434448,
                        0.43661004304885864,
                        0.5347764492034912,
                        0.4508301019668579,
                        0.5115559697151184
                    ]
                ]
            ],
            "states": [
                [
                    [
                        6621704.0,
                        1.1313585673633497e-05,
                        0.0001999229716602713,
                        484312.6875
                    ],
                    [
                        5593624.0,
                        1.1206535418750718e-05,
                        0.0002002958208322525,
                        482520.40625
                    ],
                    [
                        5813720.0,
                        1.1108420039818157e-05,
                        0.0002003357367357239,
                        504661.125
                    ],
                    [
                        6207576.0,
                        1.1006884960806929e-05,
                        0.00022690219338983297,
                        474948.0
                    ],
                    [
                        8008888.0,
                        1.0889214536291547e-05,
                        0.00020534798386506736,
                        464277.84375
                    ],
                    [
                        6072912.0,
                        1.0774994734674692e-05,
                        0.00021573639241978526,
                        487907.71875
                    ],
                    [
                        5771728.0,
                        1.0680801096896175e-05,
                        0.00024723794194869697,
                        495985.625
                    ],
                    [
                        6184408.0,
                        1.058739326253999e-05,
                        0.00024693002342246473,
                        490380.28125
                    ],
                    [
                        5453168.0,
                        1.0498003575776238e-05,
                        0.00023204070748761296,
                        479010.4375
                    ],
                    [
                        5473440.0,
                        1.0415451470180415e-05,
                        0.00018021401774603873,
                        503120.46875
                    ],
                    [
                        5495160.0,
                        1.0333877071388997e-05,
                        0.0002400711819063872,
                        501130.78125
                    ],
                    [
                        5522672.0,
                        1.0253213076794054e-05,
                        0.000246424344368279,
                        482833.53125
                    ],
                    [
                        5845344.0,
                        1.0171300345973577e-05,
                        0.0002318411279702559,
                        521404.9375
                    ],
                    [
                        5531592.0,
                        1.0090602700074669e-05,
                        0.00026174713275395334,
                        512859.59375
                    ],
                    [
                        5728288.0,
                        1.0011996891989838e-05,
                        0.0002589555806480348,
                        492848.15625
                    ],
                    [
                        8446184.0,
                        9.914833754010033e-06,
                        0.0002588448696769774,
                        439526.84375
                    ],
                    [
                        5611000.0,
                        9.82020083029056e-06,
                        0.0002629015070851892,
                        482211.375
                    ],
                    [
                        5854264.0,
                        9.744398084876593e-06,
                        0.00024613598361611366,
                        493941.5
                    ],
                    [
                        5595072.0,
                        9.669850442151073e-06,
                        0.00026028408319689333,
                        487503.5625
                    ],
                    [
                        5576248.0,
                        9.598206816008314e-06,
                        0.000249440228799358,
                        493113.71875
                    ]
                ]
            ],
            "actions": [
                [
                    [
                        0.25
                    ],
                    [
                        0.25
                    ],
                    [
                        0.25
                    ],
                    [
                        0.25
                    ],
                    [
                        0.25
                    ],
                    [
                        0.25
                    ],
                    [
                        0.25
                    ],
                    [
                        0.25
                    ],
                    [
                        0.25
                    ],
                    [
                        0.25
                    ],
                    [
                        0.25
                    ],
                    [
                        0.25
                    ],
                    [
                        0.25
                    ],
                    [
                        0.25
                    ],
                    [
                        0.25
                    ],
                    [
                        0.25
                    ],
                    [
                        0.25
                    ],
                    [
                        0.25
                    ],
                    [
                        0.25
                    ],
                    [
                        0.25
                    ]
                ]
            ],
            "returns": [
                [
                    [
                        0.22746260464191437
                    ],
                    [
                        0.22651013731956482
                    ],
                    [
                        0.2255726456642151
                    ],
                    [
                        0.22463172674179077
                    ],
                    [
                        0.22368499636650085
                    ],
                    [
                        0.22271567583084106
                    ],
                    [
                        0.22177089750766754
                    ],
                    [
                        0.22083061933517456
                    ],
                    [
                        0.2198842167854309
                    ],
                    [
                        0.21894897520542145
                    ],
                    [
                        0.21801340579986572
                    ],
                    [
                        0.21707747876644135
                    ],
                    [
                        0.21614111959934235
                    ],
                    [
                        0.21519970893859863
                    ],
                    [
                        0.2142632007598877
                    ],
                    [
                        0.21332359313964844
                    ],
                    [
                        0.2123495638370514
                    ],
                    [
                        0.21141178905963898
                    ],
                    [
                        0.2104702591896057
                    ],
                    [
                        0.2095327377319336
                    ]
                ]
            ],
            "timesteps": [
                [
                    380,
                    381,
                    382,
                    383,
                    384,
                    385,
                    386,
                    387,
                    388,
                    389,
                    390,
                    391,
                    392,
                    393,
                    394,
                    395,
                    396,
                    397,
                    398,
                    399
                ]
            ],
            "labels": [
                [
                    0,
                    0,
                    0,
                    0,
                    0,
                    0,
                    0,
                    0,
                    0,
                    0,
                    0,
                    0,
                    0,
                    0,
                    0,
                    0,
                    0,
                    0,
                    0,
                    0
                ]
            ],
            "CPU Usage": 45.8,
            "RAM Usage": 58.1,
            "GPU Usage": 0.0,
            "VRAM Usage": 521.0,
            "Disk Read Speed (MB/s)": 190568.458984375,
            "Disk Write Speed (MB/s)": 279741.7509765625
        },
        {
            "step": 1,
            "train_loss": 0.033699970692396164,
            "actions_pred1": [
                [
                    [
                        0.02105352282524109,
                        -0.10276153683662415,
                        0.4685761332511902,
                        0.4538525938987732
                    ],
                    [
                        -0.2664564847946167,
                        0.19568729400634766,
                        0.6392815709114075,
                        0.33080360293388367
                    ],
                    [
                        -0.21452194452285767,
                        0.07973065972328186,
                        0.6653754115104675,
                        0.602806031703949
                    ],
                    [
                        -0.147855743765831,
                        -0.2411486804485321,
                        0.387769490480423,
                        0.4578557312488556
                    ],
                    [
                        -0.25213655829429626,
                        -0.06063738465309143,
                        0.35699227452278137,
                        0.5880062580108643
                    ],
                    [
                        -0.29558300971984863,
                        0.09142941981554031,
                        0.5435852408409119,
                        0.5103495121002197
                    ],
                    [
                        -0.27444708347320557,
                        0.07584743201732635,
                        0.5415831804275513,
                        0.5220854878425598
                    ],
                    [
                        -0.45792144536972046,
                        0.09933280944824219,
                        0.45320916175842285,
                        0.6915385723114014
                    ],
                    [
                        -0.6040722727775574,
                        0.04734271764755249,
                        0.5586652159690857,
                        0.6306034326553345
                    ],
                    [
                        -0.6246457695960999,
                        -0.020203206688165665,
                        0.5833661556243896,
                        0.5916862487792969
                    ],
                    [
                        -0.5606158971786499,
                        0.06498841941356659,
                        0.4844909906387329,
                        0.5949274301528931
                    ],
                    [
                        -0.6464919447898865,
                        0.04971626400947571,
                        0.49973422288894653,
                        0.5331443548202515
                    ],
                    [
                        -0.8051648736000061,
                        -0.053751178085803986,
                        0.7024503350257874,
                        0.41359943151474
                    ],
                    [
                        -0.5440617203712463,
                        -0.04294505715370178,
                        0.7370219230651855,
                        0.5250101685523987
                    ],
                    [
                        -0.5076574087142944,
                        -0.08260985463857651,
                        0.5935730934143066,
                        0.48966771364212036
                    ],
                    [
                        -0.6541898250579834,
                        -0.07524235546588898,
                        0.5791850686073303,
                        0.4714992046356201
                    ],
                    [
                        -0.5578649640083313,
                        0.0830327570438385,
                        0.6599820852279663,
                        0.5810090899467468
                    ],
                    [
                        -0.5572084188461304,
                        0.08246836066246033,
                        0.6738383173942566,
                        0.5642260313034058
                    ],
                    [
                        -0.5611878633499146,
                        0.09185359627008438,
                        0.5504934787750244,
                        0.6429743766784668
                    ],
                    [
                        -0.4721304774284363,
                        0.1286463439464569,
                        0.587553858757019,
                        0.6547935009002686
                    ]
                ]
            ],
            "actions_pred": [
                [
                    [
                        0.02105352282524109,
                        -0.2664564847946167,
                        -0.21452194452285767,
                        -0.147855743765831,
                        -0.25213655829429626,
                        -0.29558300971984863,
                        -0.27444708347320557,
                        -0.45792144536972046,
                        -0.6040722727775574,
                        -0.6246457695960999,
                        -0.5606158971786499,
                        -0.6464919447898865,
                        -0.8051648736000061,
                        -0.5440617203712463,
                        -0.5076574087142944,
                        -0.6541898250579834,
                        -0.5578649640083313,
                        -0.5572084188461304,
                        -0.5611878633499146,
                        -0.4721304774284363
                    ],
                    [
                        -0.10276153683662415,
                        0.19568729400634766,
                        0.07973065972328186,
                        -0.2411486804485321,
                        -0.06063738465309143,
                        0.09142941981554031,
                        0.07584743201732635,
                        0.09933280944824219,
                        0.04734271764755249,
                        -0.020203206688165665,
                        0.06498841941356659,
                        0.04971626400947571,
                        -0.053751178085803986,
                        -0.04294505715370178,
                        -0.08260985463857651,
                        -0.07524235546588898,
                        0.0830327570438385,
                        0.08246836066246033,
                        0.09185359627008438,
                        0.1286463439464569
                    ],
                    [
                        0.4685761332511902,
                        0.6392815709114075,
                        0.6653754115104675,
                        0.387769490480423,
                        0.35699227452278137,
                        0.5435852408409119,
                        0.5415831804275513,
                        0.45320916175842285,
                        0.5586652159690857,
                        0.5833661556243896,
                        0.4844909906387329,
                        0.49973422288894653,
                        0.7024503350257874,
                        0.7370219230651855,
                        0.5935730934143066,
                        0.5791850686073303,
                        0.6599820852279663,
                        0.6738383173942566,
                        0.5504934787750244,
                        0.587553858757019
                    ],
                    [
                        0.4538525938987732,
                        0.33080360293388367,
                        0.602806031703949,
                        0.4578557312488556,
                        0.5880062580108643,
                        0.5103495121002197,
                        0.5220854878425598,
                        0.6915385723114014,
                        0.6306034326553345,
                        0.5916862487792969,
                        0.5949274301528931,
                        0.5331443548202515,
                        0.41359943151474,
                        0.5250101685523987,
                        0.48966771364212036,
                        0.4714992046356201,
                        0.5810090899467468,
                        0.5642260313034058,
                        0.6429743766784668,
                        0.6547935009002686
                    ]
                ]
            ],
            "states": [
                [
                    [
                        5057864.0,
                        2.556295476097148e-05,
                        0.00012937834253534675,
                        777561.25
                    ],
                    [
                        5348912.0,
                        2.480310831742827e-05,
                        0.00013201982073951513,
                        791966.9375
                    ],
                    [
                        5101304.0,
                        2.4083872631308623e-05,
                        0.00013791865785606205,
                        790369.0625
                    ],
                    [
                        5538600.0,
                        2.3393640731228516e-05,
                        0.00014453318726737052,
                        780343.4375
                    ],
                    [
                        5412624.0,
                        2.272302663186565e-05,
                        0.00014699026360176504,
                        758450.9375
                    ],
                    [
                        5321400.0,
                        2.2102101866039447e-05,
                        0.00016071676509454846,
                        845866.875
                    ],
                    [
                        5683400.0,
                        2.1499938156921417e-05,
                        0.00016249381587840617,
                        821531.0
                    ],
                    [
                        5282304.0,
                        2.0931340259267017e-05,
                        0.0001488575799157843,
                        840709.875
                    ],
                    [
                        5545840.0,
                        2.0398911146912724e-05,
                        0.00016087492986116558,
                        823198.9375
                    ],
                    [
                        5474888.0,
                        1.9883997083525173e-05,
                        0.00016716374375391752,
                        838579.125
                    ],
                    [
                        5364840.0,
                        1.9402330508455634e-05,
                        0.00019032474665436894,
                        800380.6875
                    ],
                    [
                        5569008.0,
                        1.8939608708024025e-05,
                        0.00018542619363870472,
                        823891.875
                    ],
                    [
                        5332984.0,
                        1.849955879151821e-05,
                        0.000198170033399947,
                        846311.4375
                    ],
                    [
                        5224384.0,
                        1.8092512618750334e-05,
                        0.0001916241308208555,
                        900435.5625
                    ],
                    [
                        5133160.0,
                        1.771021015883889e-05,
                        0.0002063407882815227,
                        866428.5625
                    ],
                    [
                        5361944.0,
                        1.733909812173806e-05,
                        0.00023895764024928212,
                        862112.4375
                    ],
                    [
                        5535704.0,
                        1.6969803255051374e-05,
                        0.00025051896227523685,
                        868913.125
                    ],
                    [
                        5189632.0,
                        1.662127579038497e-05,
                        0.0002676467993296683,
                        810234.1875
                    ],
                    [
                        5453168.0,
                        1.6289424820570275e-05,
                        0.0002700872428249568,
                        842694.5
                    ],
                    [
                        5334432.0,
                        1.5966239516274072e-05,
                        0.0002660537720657885,
                        825795.9375
                    ]
                ]
            ],
            "actions": [
                [
                    [
                        0.75
                    ],
                    [
                        0.75
                    ],
                    [
                        0.75
                    ],
                    [
                        0.75
                    ],
                    [
                        0.75
                    ],
                    [
                        0.75
                    ],
                    [
                        0.75
                    ],
                    [
                        0.75
                    ],
                    [
                        0.75
                    ],
                    [
                        0.75
                    ],
                    [
                        0.75
                    ],
                    [
                        0.75
                    ],
                    [
                        0.75
                    ],
                    [
                        0.75
                    ],
                    [
                        0.75
                    ],
                    [
                        0.75
                    ],
                    [
                        0.75
                    ],
                    [
                        0.75
                    ],
                    [
                        0.75
                    ],
                    [
                        0.75
                    ]
                ]
            ],
            "returns": [
                [
                    [
                        0.5615583062171936
                    ],
                    [
                        0.5606297850608826
                    ],
                    [
                        0.5596962571144104
                    ],
                    [
                        0.5587669014930725
                    ],
                    [
                        0.557830274105072
                    ],
                    [
                        0.5568956732749939
                    ],
                    [
                        0.5559626221656799
                    ],
                    [
                        0.555023729801178
                    ],
                    [
                        0.5540912747383118
                    ],
                    [
                        0.5531545877456665
                    ],
                    [
                        0.5522189736366272
                    ],
                    [
                        0.5512851476669312
                    ],
                    [
                        0.5503480434417725
                    ],
                    [
                        0.5494148135185242
                    ],
                    [
                        0.5484833717346191
                    ],
                    [
                        0.5475534796714783
                    ],
                    [
                        0.546619713306427
                    ],
                    [
                        0.5456831455230713
                    ],
                    [
                        0.544752299785614
                    ],
                    [
                        0.5438170433044434
                    ]
                ]
            ],
            "timesteps": [
                [
                    20,
                    21,
                    22,
                    23,
                    24,
                    25,
                    26,
                    27,
                    28,
                    29,
                    30,
                    31,
                    32,
                    33,
                    34,
                    35,
                    36,
                    37,
                    38,
                    39
                ]
            ],
            "labels": [
                [
                    2,
                    2,
                    2,
                    2,
                    2,
                    2,
                    2,
                    2,
                    2,
                    2,
                    2,
                    2,
                    2,
                    2,
                    2,
                    2,
                    2,
                    2,
                    2,
                    2
                ]
            ],
            "CPU Usage": 46.9,
            "RAM Usage": 59.1,
            "GPU Usage": 0.0,
            "VRAM Usage": 521.0,
            "Disk Read Speed (MB/s)": 190568.458984375,
            "Disk Write Speed (MB/s)": 279741.8876953125
        },
        {
            "step": 2,
            "train_loss": 0.05925772711634636,
            "actions_pred1": [
                [
                    [
                        -0.14082366228103638,
                        -0.21615493297576904,
                        0.5187516212463379,
                        0.2550387978553772
                    ],
                    [
                        -0.06769858300685883,
                        -0.10709843039512634,
                        0.3964739739894867,
                        0.303521066904068
                    ],
                    [
                        -0.11544682830572128,
                        -0.05708218365907669,
                        0.5582091808319092,
                        0.41444942355155945
                    ],
                    [
                        -0.04014222323894501,
                        -0.20450691878795624,
                        0.5545433759689331,
                        0.4095394015312195
                    ],
                    [
                        -0.06295625865459442,
                        -0.2087148129940033,
                        0.6608043909072876,
                        0.4321330189704895
                    ],
                    [
                        -0.31972071528434753,
                        -0.12757475674152374,
                        0.4456179738044739,
                        0.35310906171798706
                    ],
                    [
                        -0.3114255368709564,
                        -0.05354934185743332,
                        0.5874897837638855,
                        0.5429068803787231
                    ],
                    [
                        -0.12326058000326157,
                        -0.04307210445404053,
                        0.5843818187713623,
                        0.59990394115448
                    ],
                    [
                        -0.10177111625671387,
                        -0.028678379952907562,
                        0.5000724792480469,
                        0.5366213321685791
                    ],
                    [
                        -0.24794600903987885,
                        -0.047370389103889465,
                        0.6937007308006287,
                        0.5846575498580933
                    ],
                    [
                        -0.3072543442249298,
                        -0.13910743594169617,
                        0.804945170879364,
                        0.5827267169952393
                    ],
                    [
                        -0.31107378005981445,
                        -0.14522936940193176,
                        0.7835326194763184,
                        0.6469831466674805
                    ],
                    [
                        -0.3490801155567169,
                        -0.09474515169858932,
                        0.7098844647407532,
                        0.6555795073509216
                    ],
                    [
                        -0.28194814920425415,
                        -0.07180949300527573,
                        0.7568143010139465,
                        0.6042687296867371
                    ],
                    [
                        -0.24526429176330566,
                        -0.14737839996814728,
                        0.7713394165039062,
                        0.5717143416404724
                    ],
                    [
                        -0.27030715346336365,
                        -0.10307171195745468,
                        0.861046314239502,
                        0.619476854801178
                    ],
                    [
                        -0.2705785632133484,
                        -0.17464835941791534,
                        0.6692995429039001,
                        0.5719605684280396
                    ],
                    [
                        -0.2267829179763794,
                        -0.024209853261709213,
                        0.6625597476959229,
                        0.5353088974952698
                    ],
                    [
                        -0.3095128834247589,
                        -0.11570825427770615,
                        0.774167537689209,
                        0.5103175640106201
                    ],
                    [
                        -0.4266972541809082,
                        -0.14089496433734894,
                        0.8486573696136475,
                        0.5309017896652222
                    ]
                ]
            ],
            "actions_pred": [
                [
                    [
                        -0.14082366228103638,
                        -0.06769858300685883,
                        -0.11544682830572128,
                        -0.04014222323894501,
                        -0.06295625865459442,
                        -0.31972071528434753,
