{
    "steps": [
        {
            "step": 0,
            "train_loss": 0.03587256744503975,
            "actions_pred1": [
                [
                    [
                        0.006546683609485626,
                        -0.11117929220199585,
                        0.4154932498931885,
                        0.5340986251831055
                    ],
                    [
                        -0.2837468385696411,
                        0.18365143239498138,
                        0.5788986682891846,
                        0.41443440318107605
                    ],
                    [
                        -0.2288537174463272,
                        0.06421986222267151,
                        0.6079675555229187,
                        0.6881237030029297
                    ],
                    [
                        -0.16071480512619019,
                        -0.2694855332374573,
                        0.31450366973876953,
                        0.5450724363327026
                    ],
                    [
                        -0.26646363735198975,
                        -0.07913608849048615,
                        0.2820121645927429,
                        0.6784337162971497
                    ],
                    [
                        -0.30938637256622314,
                        0.07650764286518097,
                        0.4716450870037079,
                        0.601976215839386
                    ],
                    [
                        -0.2880692481994629,
                        0.06261728703975677,
                        0.4732350707054138,
                        0.6137202978134155
                    ],
                    [
                        -0.4683772325515747,
                        0.07219263911247253,
                        0.3902086615562439,
                        0.7749488949775696
                    ],
                    [
                        -0.6173322200775146,
                        0.034535739570856094,
                        0.4937034845352173,
                        0.7190834283828735
                    ],
                    [
                        -0.6378668546676636,
                        -0.03280407190322876,
                        0.5183395147323608,
                        0.6795052289962769
                    ],
                    [
                        -0.5745485424995422,
                        0.05277711898088455,
                        0.42022204399108887,
                        0.6837288737297058
                    ],
                    [
                        -0.660702645778656,
                        0.03741433471441269,
                        0.4334535002708435,
                        0.6229180693626404
                    ],
                    [
                        -0.8182786107063293,
                        -0.06524930894374847,
                        0.6361092925071716,
                        0.5023183226585388
                    ],
                    [
                        -0.5550156235694885,
                        -0.054738849401474,
                        0.6724451780319214,
                        0.61258864402771
                    ],
                    [
                        -0.5193658471107483,
                        -0.09514832496643066,
                        0.5289331674575806,
                        0.5782119035720825
                    ],
                    [
                        -0.6662876605987549,
                        -0.08816482126712799,
                        0.5156434774398804,
                        0.5581631064414978
                    ],
                    [
                        -0.5689385533332825,
                        0.07179330289363861,
                        0.5987374782562256,
                        0.6661841869354248
                    ],
                    [
                        -0.5692096948623657,
                        0.07227110862731934,
                        0.6104848980903625,
                        0.6519953012466431
                    ],
                    [
                        -0.5733312368392944,
                        0.08063511550426483,
                        0.48770588636398315,
                        0.7317657470703125
                    ],
                    [
                        -0.4825176000595093,
                        0.12033072113990784,
                        0.5234850645065308,
                        0.7432619333267212
                    ]
                ]
            ],
            "actions_pred": [
                [
                    [
                        0.006546683609485626,
                        -0.2837468385696411,
                        -0.2288537174463272,
                        -0.16071480512619019,
                        -0.26646363735198975,
                        -0.30938637256622314,
                        -0.2880692481994629,
                        -0.4683772325515747,
                        -0.6173322200775146,
                        -0.6378668546676636,
                        -0.5745485424995422,
                        -0.660702645778656,
                        -0.8182786107063293,
                        -0.5550156235694885,
                        -0.5193658471107483,
                        -0.6662876605987549,
                        -0.5689385533332825,
                        -0.5692096948623657,
                        -0.5733312368392944,
                        -0.4825176000595093
                    ],
                    [
                        -0.11117929220199585,
                        0.18365143239498138,
                        0.06421986222267151,
                        -0.2694855332374573,
                        -0.07913608849048615,
                        0.07650764286518097,
                        0.06261728703975677,
                        0.07219263911247253,
                        0.034535739570856094,
                        -0.03280407190322876,
                        0.05277711898088455,
                        0.03741433471441269,
                        -0.06524930894374847,
                        -0.054738849401474,
                        -0.09514832496643066,
                        -0.08816482126712799,
                        0.07179330289363861,
                        0.07227110862731934,
                        0.08063511550426483,
                        0.12033072113990784
                    ],
                    [
                        0.4154932498931885,
                        0.5788986682891846,
                        0.6079675555229187,
                        0.31450366973876953,
                        0.2820121645927429,
                        0.4716450870037079,
                        0.4732350707054138,
                        0.3902086615562439,
                        0.4937034845352173,
                        0.5183395147323608,
                        0.42022204399108887,
                        0.4334535002708435,
                        0.6361092925071716,
                        0.6724451780319214,
                        0.5289331674575806,
                        0.5156434774398804,
                        0.5987374782562256,
                        0.6104848980903625,
                        0.48770588636398315,
                        0.5234850645065308
                    ],
                    [
                        0.5340986251831055,
                        0.41443440318107605,
                        0.6881237030029297,
                        0.5450724363327026,
                        0.6784337162971497,
                        0.601976215839386,
                        0.6137202978134155,
                        0.7749488949775696,
                        0.7190834283828735,
                        0.6795052289962769,
                        0.6837288737297058,
                        0.6229180693626404,
                        0.5023183226585388,
                        0.61258864402771,
                        0.5782119035720825,
                        0.5581631064414978,
                        0.6661841869354248,
                        0.6519953012466431,
                        0.7317657470703125,
                        0.7432619333267212
                    ]
                ]
            ],
            "states": [
                [
                    [
                        5057864.0,
                        2.556295476097148e-05,
                        0.00012937834253534675,
                        777561.25
                    ],
                    [
                        5348912.0,
                        2.480310831742827e-05,
                        0.00013201982073951513,
                        791966.9375
                    ],
                    [
                        5101304.0,
                        2.4083872631308623e-05,
                        0.00013791865785606205,
                        790369.0625
                    ],
                    [
                        5538600.0,
                        2.3393640731228516e-05,
                        0.00014453318726737052,
                        780343.4375
                    ],
                    [
                        5412624.0,
                        2.272302663186565e-05,
                        0.00014699026360176504,
                        758450.9375
                    ],
                    [
                        5321400.0,
                        2.2102101866039447e-05,
                        0.00016071676509454846,
                        845866.875
                    ],
                    [
                        5683400.0,
                        2.1499938156921417e-05,
                        0.00016249381587840617,
                        821531.0
                    ],
                    [
                        5282304.0,
                        2.0931340259267017e-05,
                        0.0001488575799157843,
                        840709.875
                    ],
                    [
                        5545840.0,
                        2.0398911146912724e-05,
                        0.00016087492986116558,
                        823198.9375
                    ],
                    [
                        5474888.0,
                        1.9883997083525173e-05,
                        0.00016716374375391752,
                        838579.125
                    ],
                    [
                        5364840.0,
                        1.9402330508455634e-05,
                        0.00019032474665436894,
                        800380.6875
                    ],
                    [
                        5569008.0,
                        1.8939608708024025e-05,
                        0.00018542619363870472,
                        823891.875
                    ],
                    [
                        5332984.0,
                        1.849955879151821e-05,
                        0.000198170033399947,
                        846311.4375
                    ],
                    [
                        5224384.0,
                        1.8092512618750334e-05,
                        0.0001916241308208555,
                        900435.5625
                    ],
                    [
                        5133160.0,
                        1.771021015883889e-05,
                        0.0002063407882815227,
                        866428.5625
                    ],
                    [
                        5361944.0,
                        1.733909812173806e-05,
                        0.00023895764024928212,
                        862112.4375
                    ],
                    [
                        5535704.0,
                        1.6969803255051374e-05,
                        0.00025051896227523685,
                        868913.125
                    ],
                    [
                        5189632.0,
                        1.662127579038497e-05,
                        0.0002676467993296683,
                        810234.1875
                    ],
                    [
                        5453168.0,
                        1.6289424820570275e-05,
                        0.0002700872428249568,
                        842694.5
                    ],
                    [
                        5334432.0,
                        1.5966239516274072e-05,
                        0.0002660537720657885,
                        825795.9375
                    ]
                ]
            ],
            "actions": [
                [
                    [
                        0.75
                    ],
                    [
                        0.75
                    ],
                    [
                        0.75
                    ],
                    [
                        0.75
                    ],
                    [
                        0.75
                    ],
                    [
                        0.75
                    ],
                    [
                        0.75
                    ],
                    [
                        0.75
                    ],
                    [
                        0.75
                    ],
                    [
                        0.75
                    ],
                    [
                        0.75
                    ],
                    [
                        0.75
                    ],
                    [
                        0.75
                    ],
                    [
                        0.75
                    ],
                    [
                        0.75
                    ],
                    [
                        0.75
                    ],
                    [
                        0.75
                    ],
                    [
                        0.75
                    ],
                    [
                        0.75
                    ],
                    [
                        0.75
                    ]
                ]
            ],
            "returns": [
                [
                    [
                        0.5615583062171936
                    ],
                    [
                        0.5606297850608826
                    ],
                    [
                        0.5596962571144104
                    ],
                    [
                        0.5587669014930725
                    ],
                    [
                        0.557830274105072
                    ],
                    [
                        0.5568956732749939
                    ],
                    [
                        0.5559626221656799
                    ],
                    [
                        0.555023729801178
                    ],
                    [
                        0.5540912747383118
                    ],
                    [
                        0.5531545877456665
                    ],
                    [
                        0.5522189736366272
                    ],
                    [
                        0.5512851476669312
                    ],
                    [
                        0.5503480434417725
                    ],
                    [
                        0.5494148135185242
                    ],
                    [
                        0.5484833717346191
                    ],
                    [
                        0.5475534796714783
                    ],
                    [
                        0.546619713306427
                    ],
                    [
                        0.5456831455230713
                    ],
                    [
                        0.544752299785614
                    ],
                    [
                        0.5438170433044434
                    ]
                ]
            ],
            "timesteps": [
                [
                    20,
                    21,
                    22,
                    23,
                    24,
                    25,
                    26,
                    27,
                    28,
                    29,
                    30,
                    31,
                    32,
                    33,
                    34,
                    35,
                    36,
                    37,
                    38,
                    39
                ]
            ],
            "labels": [
                [
                    2,
                    2,
                    2,
                    2,
                    2,
                    2,
                    2,
                    2,
                    2,
                    2,
                    2,
                    2,
                    2,
                    2,
                    2,
                    2,
                    2,
                    2,
                    2,
                    2
                ]
            ],
            "CPU Usage": 50.9,
            "RAM Usage": 56.7,
            "GPU Usage": 9.0,
            "VRAM Usage": 408.0,
            "Disk Read Speed (MB/s)": 190394.1005859375,
            "Disk Write Speed (MB/s)": 270576.4931640625
        },
        {
            "step": 1,
            "train_loss": 0.0624798908829689,
            "actions_pred1": [
                [
                    [
                        0.10050426423549652,
                        -0.4764964282512665,
                        0.7046958208084106,
                        0.8193827271461487
                    ],
                    [
                        0.10160455107688904,
                        -0.30232951045036316,
                        0.6820319294929504,
                        0.6785277724266052
                    ],
                    [
                        -0.002797327935695648,
                        -0.1582684963941574,
                        0.6634646654129028,
                        0.5104394555091858
                    ],
                    [
                        -0.023268133401870728,
                        -0.10917893052101135,
                        0.7706496119499207,
                        0.47041457891464233
                    ],
                    [
                        -0.08501037955284119,
                        -0.10450819879770279,
                        0.6761239171028137,
                        0.6448978185653687
                    ],
                    [
                        -0.027974359691143036,
                        -0.040652237832546234,
                        0.7230311632156372,
                        0.6847933530807495
                    ],
                    [
                        -0.03458099812269211,
                        -0.1718766689300537,
                        0.6626307964324951,
                        0.7351154088973999
                    ],
                    [
                        -0.16975511610507965,
                        -0.14828981459140778,
                        0.8127999305725098,
                        0.6482262015342712
                    ],
                    [
                        -0.22212138772010803,
                        -0.06894995272159576,
                        0.864357590675354,
                        0.6308152675628662
                    ],
                    [
                        -0.2227114588022232,
                        -0.1417868286371231,
                        0.7436142563819885,
                        0.6790260076522827
                    ],
                    [
                        -0.28924766182899475,
                        -0.06783917546272278,
                        0.8230370879173279,
                        0.5851563215255737
                    ],
                    [
                        -0.12848839163780212,
                        -0.048170097172260284,
                        0.9271988868713379,
                        0.8239156007766724
                    ],
                    [
                        -0.14160074293613434,
                        -0.04948895797133446,
                        0.8792500495910645,
                        0.4946766793727875
                    ],
                    [
                        -0.26863378286361694,
                        -0.03533555194735527,
                        0.8956760168075562,
                        0.5952853560447693
                    ],
                    [
                        -0.27575987577438354,
                        -0.01663462072610855,
                        0.9613794088363647,
                        0.6116889715194702
                    ],
                    [
                        -0.17429029941558838,
                        -0.01013406366109848,
                        0.947831928730011,
                        0.7298086881637573
                    ],
                    [
                        -0.2680354714393616,
                        -0.07855589687824249,
                        0.8942124247550964,
                        0.763261616230011
                    ],
                    [
                        -0.38740208745002747,
                        -0.10474468767642975,
                        0.7834920287132263,
                        0.7284141182899475
                    ],
                    [
                        -0.24132516980171204,
                        -0.1888861060142517,
                        0.7418795824050903,
                        0.8092362880706787
                    ],
                    [
                        -0.3477959930896759,
                        -0.10736259818077087,
                        0.8156207799911499,
                        0.7674122452735901
                    ]
                ]
            ],
            "actions_pred": [
                [
                    [
                        0.10050426423549652,
                        0.10160455107688904,
                        -0.002797327935695648,
                        -0.023268133401870728,
                        -0.08501037955284119,
                        -0.027974359691143036,
                        -0.03458099812269211,
                        -0.16975511610507965,
                        -0.22212138772010803,
                        -0.2227114588022232,
                        -0.28924766182899475,
                        -0.12848839163780212,
                        -0.14160074293613434,
                        -0.26863378286361694,
                        -0.27575987577438354,
                        -0.17429029941558838,
                        -0.2680354714393616,
                        -0.38740208745002747,
                        -0.24132516980171204,
                        -0.3477959930896759
                    ],
                    [
                        -0.4764964282512665,
                        -0.30232951045036316,
                        -0.1582684963941574,
                        -0.10917893052101135,
                        -0.10450819879770279,
                        -0.040652237832546234,
                        -0.1718766689300537,
                        -0.14828981459140778,
                        -0.06894995272159576,
                        -0.1417868286371231,
                        -0.06783917546272278,
                        -0.048170097172260284,
                        -0.04948895797133446,
                        -0.03533555194735527,
                        -0.01663462072610855,
                        -0.01013406366109848,
                        -0.07855589687824249,
                        -0.10474468767642975,
                        -0.1888861060142517,
                        -0.10736259818077087
                    ],
                    [
                        0.7046958208084106,
                        0.6820319294929504,
                        0.6634646654129028,
                        0.7706496119499207,
                        0.6761239171028137,
                        0.7230311632156372,
                        0.6626307964324951,
                        0.8127999305725098,
                        0.864357590675354,
                        0.7436142563819885,
                        0.8230370879173279,
                        0.9271988868713379,
                        0.8792500495910645,
                        0.8956760168075562,
                        0.9613794088363647,
                        0.947831928730011,
                        0.8942124247550964,
                        0.7834920287132263,
                        0.7418795824050903,
                        0.8156207799911499
                    ],
                    [
                        0.8193827271461487,
                        0.6785277724266052,
                        0.5104394555091858,
                        0.47041457891464233,
                        0.6448978185653687,
                        0.6847933530807495,
                        0.7351154088973999,
                        0.6482262015342712,
                        0.6308152675628662,
                        0.6790260076522827,
                        0.5851563215255737,
                        0.8239156007766724,
                        0.4946766793727875,
                        0.5952853560447693,
                        0.6116889715194702,
                        0.7298086881637573,
                        0.763261616230011,
                        0.7284141182899475,
                        0.8092362880706787,
                        0.7674122452735901
                    ]
                ]
            ],
            "states": [
                [
                    [
                        4843560.0,
                        2.424415470159147e-05,
                        0.00033060877467505634,
                        578357.375
                    ],
                    [
                        5799240.0,
                        2.295832928211894e-05,
                        0.0031183171086013317,
                        515791.3125
                    ],
                    [
                        4623464.0,
                        2.2749398340238258e-05,
                        0.0025027666706591845,
                        635101.375
                    ],
                    [
                        4743648.0,
                        2.2564916434930637e-05,
                        0.0014389286516234279,
                        594770.9375
                    ],
                    [
                        2644227.0,
                        0.009791561402380466,
                        0.003044134471565485,
                        425038.1875
                    ],
                    [
                        9469920.0,
                        0.0006961323670111597,
                        0.00288664479739964,
                        440941.21875
                    ],
                    [
                        5718152.0,
                        0.00029342120978981256,
                        0.0027106136549264193,
                        528296.5625
                    ],
                    [
                        2943784.0,
                        0.00022529042325913906,
                        0.0027518118731677532,
                        461782.90625
                    ],
                    [
                        1387184.0,
                        0.0002022606786340475,
                        0.0026009255088865757,
                        650753.875
                    ],
                    [
                        490872.0,
                        0.00019373110262677073,
                        0.002423960482701659,
                        624566.0
                    ],
                    [
                        260640.0,
                        0.00019053270807489753,
                        0.002274049213156104,
                        567144.625
                    ],
                    [
                        201272.0,
                        0.00018862112483475357,
                        0.0023237415589392185,
                        604014.4375
                    ],
                    [
                        152040.0,
                        0.00018718479259405285,
                        0.0021793735213577747,
                        487596.375
                    ],
                    [
                        117288.0,
                        0.00018610460392665118,
                        0.002523052040487528,
                        579471.3125
                    ],
                    [
                        123080.0,
                        0.0001851513225119561,
                        0.002231767401099205,
                        401703.1875
                    ],
                    [
                        70952.0,
                        0.00018438858387526125,
                        0.0032643231097608805,
                        840606.75
                    ],
                    [
                        131768.0,
                        0.0001835990115068853,
                        0.0020812072325497866,
                        190522.296875
                    ],
                    [
                        144800.0,
                        0.00018253228336106986,
                        0.0015903349267318845,
                        318817.125
                    ],
                    [
                        173760.0,
                        0.0001813189737731591,
                        0.0016534600872546434,
                        316928.125
                    ],
                    [
                        181000.0,
                        0.0001799864403437823,
                        0.0014106292510405183,
                        219901.125
                    ]
                ]
            ],
            "actions": [
                [
                    [
                        0.5
                    ],
                    [
                        0.5
                    ],
                    [
                        0.5
                    ],
                    [
                        0.5
                    ],
                    [
                        0.25
                    ],
                    [
                        0.25
                    ],
                    [
                        0.25
                    ],
                    [
                        0.25
                    ],
                    [
                        0.25
                    ],
                    [
                        0.25
                    ],
                    [
                        0.25
                    ],
                    [
                        0.25
                    ],
                    [
                        0.25
                    ],
                    [
                        0.25
                    ],
                    [
                        0.25
                    ],
                    [
                        0.25
                    ],
                    [
                        0.25
                    ],
                    [
                        0.25
                    ],
                    [
                        0.25
                    ],
                    [
                        0.25
                    ]
                ]
            ],
            "returns": [
                [
                    [
                        0.09717193245887756
                    ],
                    [
                        0.09624720364809036
                    ],
                    [
                        0.09530650824308395
                    ],
                    [
                        0.09438589215278625
                    ],
                    [
                        0.09346301108598709
                    ],
                    [
                        0.09259194135665894
                    ],
                    [
                        0.09160776436328888
                    ],
                    [
                        0.09066831320524216
                    ],
                    [
                        0.08978772908449173
                    ],
                    [
                        0.08897385746240616
                    ],
                    [
                        0.08825208246707916
                    ],
                    [
                        0.0875864326953888
                    ],
                    [
                        0.08694369345903397
                    ],
                    [
                        0.08632583171129227
                    ],
                    [
                        0.08573097735643387
                    ],
                    [
                        0.08513184636831284
                    ],
                    [
                        0.08458154648542404
                    ],
                    [
                        0.0839763730764389
                    ],
                    [
                        0.08336283266544342
                    ],
                    [
                        0.08273313194513321
                    ]
                ]
            ],
            "timesteps": [
                [
                    520,
                    521,
                    522,
                    523,
                    524,
                    525,
                    526,
                    527,
                    528,
                    529,
                    530,
                    531,
                    532,
                    533,
                    534,
                    535,
                    536,
                    537,
                    538,
                    539
                ]
            ],
            "labels": [
                [
                    1,
                    1,
                    1,
                    1,
                    0,
                    0,
                    0,
                    0,
                    0,
                    0,
                    0,
                    0,
                    0,
                    0,
                    0,
                    0,
                    0,
                    0,
                    0,
                    0
                ]
            ],
            "CPU Usage": 53.3,
            "RAM Usage": 57.9,
            "GPU Usage": 6.0,
            "VRAM Usage": 405.0,
            "Disk Read Speed (MB/s)": 190394.1005859375,
            "Disk Write Speed (MB/s)": 270576.9306640625
        },
        {
            "step": 2,
            "train_loss": 0.038114793598651886,
            "actions_pred1": [
                [
                    [
                        0.010960966348648071,
                        -0.05346543714404106,
                        0.49768516421318054,
                        1.2271463871002197
                    ],
                    [
                        -0.3094269335269928,
                        0.06098565459251404,
                        0.5162359476089478,
                        1.039022445678711
                    ],
                    [
                        -0.34055379033088684,
                        -0.07538023591041565,
                        0.34917789697647095,
                        0.9887130856513977
                    ],
                    [
                        -0.3835194706916809,
                        -0.05385224521160126,
                        0.39094752073287964,
                        0.8973886966705322
                    ],
                    [
                        -0.459335595369339,
                        0.001549743115901947,
                        0.38641953468322754,
                        0.9090157747268677
                    ],
                    [
                        -0.31792956590652466,
                        -0.04144202172756195,
                        0.33059054613113403,
                        0.8114534616470337
                    ],
                    [
                        -0.4191973805427551,
                        -0.20383121073246002,
                        0.5045413374900818,
                        0.7211892604827881
                    ],
                    [
                        -0.40940603613853455,
                        -0.114704430103302,
                        0.5688661336898804,
                        0.7200619578361511
                    ],
                    [
                        -0.5002633333206177,
                        -0.06537136435508728,
                        0.4531193971633911,
                        0.8484926819801331
                    ],
                    [
                        -0.44817233085632324,
                        -0.06948554515838623,
                        0.45886966586112976,
                        0.8026188611984253
                    ],
                    [
                        -0.4588638246059418,
                        -0.018147632479667664,
                        0.6083751320838928,
                        0.8549281358718872
                    ],
                    [
                        -0.3275827169418335,
                        -0.18139366805553436,
                        0.48782944679260254,
                        0.9794479012489319
                    ],
                    [
                        -0.4067932367324829,
                        -0.15408281981945038,
                        0.5706691145896912,
                        0.9567910432815552
                    ],
                    [
                        -0.4138161540031433,
                        -0.05455374717712402,
                        0.500040590763092,
                        0.8316957950592041
                    ],
                    [
                        -0.4189720153808594,
                        0.00995539128780365,
                        0.6584568023681641,
                        0.7992658615112305
                    ],
                    [
                        -0.31342989206314087,
                        -0.017874710261821747,
                        0.5963121056556702,
                        0.7738357782363892
                    ],
                    [
                        -0.3363099694252014,
                        -0.00019985437393188477,
                        0.6727805733680725,
                        0.8623121976852417
                    ],
                    [
                        -0.4806003272533417,
                        0.09205234050750732,
                        0.690922737121582,
                        0.6761738061904907
                    ],
                    [
                        -0.4146553874015808,
                        0.04607287794351578,
                        0.6492534875869751,
                        0.6584454774856567
                    ],
                    [
                        -0.3486950695514679,
                        -0.00018534809350967407,
                        0.5856786370277405,
                        0.8171380758285522
                    ]
                ]
            ],
            "actions_pred": [
                [
                    [
                        0.010960966348648071,
                        -0.3094269335269928,
                        -0.34055379033088684,
                        -0.3835194706916809,
                        -0.459335595369339,
                        -0.31792956590652466,
                        -0.4191973805427551,
