{
    "steps": [
        {
            "step": 0,
            "train_loss": 0.056605201214551926,
            "actions_pred1": [
                [
                    [
                        -0.07441987097263336,
                        -0.2425784170627594,
                        0.9080427885055542,
                        0.2612246870994568
                    ],
                    [
                        -0.21101641654968262,
                        -0.032569266855716705,
                        0.828819751739502,
                        0.3153969645500183
                    ],
                    [
                        -0.2532122731208801,
                        -0.05260284245014191,
                        0.9328280091285706,
                        0.2681770622730255
                    ],
                    [
                        -0.11950559169054031,
                        -0.10917859524488449,
                        0.86685711145401,
                        0.3373894989490509
                    ],
                    [
                        -0.20510348677635193,
                        -0.04501333832740784,
                        0.8518841862678528,
                        0.24439817667007446
                    ],
                    [
                        0.01988266408443451,
                        -0.10190518200397491,
                        0.7900369167327881,
                        0.42441582679748535
                    ],
                    [
                        0.08284888416528702,
                        -0.07889202237129211,
                        0.8300029635429382,
                        0.4590391516685486
                    ],
                    [
                        0.07006299495697021,
                        -0.14281977713108063,
                        0.8547003865242004,
                        0.2495933473110199
                    ],
                    [
                        0.03739310801029205,
                        -0.10008040070533752,
                        0.9400849938392639,
                        0.16212749481201172
                    ],
                    [
                        -0.14204101264476776,
                        0.020248718559741974,
                        1.0157047510147095,
                        0.22366976737976074
                    ],
                    [
                        -0.1729995757341385,
                        -0.03425990045070648,
                        0.6955734491348267,
                        0.2788887917995453
                    ],
                    [
                        -0.1510946899652481,
                        -0.12886273860931396,
                        0.6953748464584351,
                        0.3853006958961487
                    ],
                    [
                        -0.14509397745132446,
                        -0.027833789587020874,
                        0.7153448462486267,
                        0.4345753788948059
                    ],
                    [
                        -0.13697096705436707,
                        -0.057629652321338654,
                        0.578127920627594,
                        0.5428052544593811
                    ],
                    [
                        -0.1630062460899353,
                        -0.13318458199501038,
                        0.5961897969245911,
                        0.4915720224380493
                    ],
                    [
                        -0.1840471625328064,
                        0.030943207442760468,
                        0.603423535823822,
                        0.286039799451828
                    ],
                    [
                        -0.1871473789215088,
                        0.013639375567436218,
                        0.7122878432273865,
                        0.318361759185791
                    ],
                    [
                        -0.20531776547431946,
                        -0.031478144228458405,
                        0.7232362031936646,
                        0.4571695327758789
                    ],
                    [
                        -0.21950960159301758,
                        0.023584973067045212,
                        0.6816015839576721,
                        0.49366796016693115
                    ],
                    [
                        -0.025158822536468506,
                        -0.06317882984876633,
                        0.5625494718551636,
                        0.3911135196685791
                    ]
                ]
            ],
            "actions_pred": [
                [
                    [
                        -0.07441987097263336,
                        -0.21101641654968262,
                        -0.2532122731208801,
                        -0.11950559169054031,
                        -0.20510348677635193,
                        0.01988266408443451,
                        0.08284888416528702,
                        0.07006299495697021,
                        0.03739310801029205,
                        -0.14204101264476776,
                        -0.1729995757341385,
                        -0.1510946899652481,
                        -0.14509397745132446,
                        -0.13697096705436707,
                        -0.1630062460899353,
                        -0.1840471625328064,
                        -0.1871473789215088,
                        -0.20531776547431946,
                        -0.21950960159301758,
                        -0.025158822536468506
                    ],
                    [
                        -0.2425784170627594,
                        -0.032569266855716705,
                        -0.05260284245014191,
                        -0.10917859524488449,
                        -0.04501333832740784,
                        -0.10190518200397491,
                        -0.07889202237129211,
                        -0.14281977713108063,
                        -0.10008040070533752,
                        0.020248718559741974,
                        -0.03425990045070648,
                        -0.12886273860931396,
                        -0.027833789587020874,
                        -0.057629652321338654,
                        -0.13318458199501038,
                        0.030943207442760468,
                        0.013639375567436218,
                        -0.031478144228458405,
                        0.023584973067045212,
                        -0.06317882984876633
                    ],
                    [
                        0.9080427885055542,
                        0.828819751739502,
                        0.9328280091285706,
                        0.86685711145401,
                        0.8518841862678528,
                        0.7900369167327881,
                        0.8300029635429382,
                        0.8547003865242004,
                        0.9400849938392639,
                        1.0157047510147095,
                        0.6955734491348267,
                        0.6953748464584351,
                        0.7153448462486267,
                        0.578127920627594,
                        0.5961897969245911,
                        0.603423535823822,
                        0.7122878432273865,
                        0.7232362031936646,
                        0.6816015839576721,
                        0.5625494718551636
                    ],
                    [
                        0.2612246870994568,
                        0.3153969645500183,
                        0.2681770622730255,
                        0.3373894989490509,
                        0.24439817667007446,
                        0.42441582679748535,
                        0.4590391516685486,
                        0.2495933473110199,
                        0.16212749481201172,
                        0.22366976737976074,
                        0.2788887917995453,
                        0.3853006958961487,
                        0.4345753788948059,
                        0.5428052544593811,
                        0.4915720224380493,
                        0.286039799451828,
                        0.318361759185791,
                        0.4571695327758789,
                        0.49366796016693115,
                        0.3911135196685791
                    ]
                ]
            ],
            "states": [
                [
                    [
                        492320.0,
                        0.00014767394168302417,
                        0.018082506954669952,
                        363027.84375
                    ],
                    [
                        506800.0,
                        0.00014520809054374695,
                        0.01018515508621931,
                        441748.1875
                    ],
                    [
                        501008.0,
                        0.00014280257164500654,
                        0.009355437941849232,
                        481891.75
                    ],
                    [
                        543000.0,
                        0.00014039389498066157,
                        0.008023547939956188,
                        309271.0625
                    ],
                    [
                        571960.0,
                        0.00013790946104563773,
                        0.007616695482283831,
                        326690.1875
                    ],
                    [
                        626984.0,
                        0.00013533451419789344,
                        0.00705355079844594,
                        304830.28125
                    ],
                    [
                        582096.0,
                        0.00013283209409564734,
                        0.006484133191406727,
                        283344.0
                    ],
                    [
                        638568.0,
                        0.00013039908662904054,
                        0.005326922982931137,
                        341204.21875
                    ],
                    [
                        584992.0,
                        0.00012804687139578164,
                        0.005689277779310942,
                        350770.6875
                    ],
                    [
                        631328.0,
                        0.00012579229951370507,
                        0.0069713592529296875,
                        304207.3125
                    ],
                    [
                        438744.0,
                        0.00012387130118440837,
                        0.005918858107179403,
                        445445.40625
                    ],
                    [
                        682008.0,
                        0.00012192520807730034,
                        0.005743528250604868,
                        443906.625
                    ],
                    [
                        894864.0,
                        0.00011928792810067534,
                        0.007119554560631514,
                        502220.71875
                    ],
                    [
                        799296.0,
                        0.00011657496361294761,
                        0.006755398586392403,
                        559882.4375
                    ],
                    [
                        1003464.0,
                        0.000113823996798601,
                        0.007165591698139906,
                        431313.21875
                    ],
                    [
                        990432.0,
                        0.00011092599743278697,
                        0.006897749379277229,
                        501689.5625
                    ],
                    [
                        1185912.0,
                        0.00010792924149427563,
                        0.00677958969026804,
                        421160.84375
                    ],
                    [
                        1324920.0,
                        0.00010466613457538188,
                        0.006738434080034494,
                        445300.59375
                    ],
                    [
                        1403112.0,
                        0.00010133643809240311,
                        0.008364989422261715,
                        440591.6875
                    ],
                    [
                        1637688.0,
                        9.786803275346756e-05,
                        0.005549952387809753,
                        381840.25
                    ]
                ]
            ],
            "actions": [
                [
                    [
                        0.25
                    ],
                    [
                        0.25
                    ],
                    [
                        0.25
                    ],
                    [
                        0.25
                    ],
                    [
                        0.25
                    ],
                    [
                        0.25
                    ],
                    [
                        0.25
                    ],
                    [
                        0.25
                    ],
                    [
                        0.25
                    ],
                    [
                        0.25
                    ],
                    [
                        0.25
                    ],
                    [
                        0.25
                    ],
                    [
                        0.25
                    ],
                    [
                        0.25
                    ],
                    [
                        0.25
                    ],
                    [
                        0.25
                    ],
                    [
                        0.25
                    ],
                    [
                        0.25
                    ],
                    [
                        0.25
                    ],
                    [
                        0.25
                    ]
                ]
            ],
            "returns": [
                [
                    [
                        0.06894823163747787
                    ],
                    [
                        0.06822619587182999
                    ],
                    [
                        0.06750158965587616
                    ],
                    [
                        0.06677800416946411
                    ],
                    [
                        0.06604728102684021
                    ],
                    [
                        0.06531195342540741
                    ],
                    [
                        0.06456847488880157
                    ],
                    [
                        0.06383159011602402
                    ],
                    [
                        0.06308649480342865
                    ],
                    [
                        0.062349170446395874
                    ],
                    [
                        0.06160508468747139
                    ],
                    [
                        0.060893263667821884
                    ],
                    [
                        0.060142334550619125
                    ],
                    [
                        0.05936732143163681
                    ],
                    [
                        0.05860232189297676
                    ],
                    [
                        0.05781715363264084
                    ],
                    [
                        0.05703314393758774
                    ],
                    [
                        0.05623316764831543
                    ],
                    [
                        0.05542336031794548
                    ],
                    [
                        0.05460847169160843
                    ]
                ]
            ],
            "timesteps": [
                [
                    560,
                    561,
                    562,
                    563,
                    564,
                    565,
                    566,
                    567,
                    568,
                    569,
                    570,
                    571,
                    572,
                    573,
                    574,
                    575,
                    576,
                    577,
                    578,
                    579
                ]
            ],
            "labels": [
                [
                    0,
                    0,
                    0,
                    0,
                    0,
                    0,
                    0,
                    0,
                    0,
                    0,
                    0,
                    0,
                    0,
                    0,
                    0,
                    0,
                    0,
                    0,
                    0,
                    0
                ]
            ],
            "CPU Usage": 45.7,
            "RAM Usage": 59.0,
            "GPU Usage": 0.0,
            "VRAM Usage": 376.0,
            "Disk Read Speed (MB/s)": 190607.4990234375,
            "Disk Write Speed (MB/s)": 284810.7900390625
        },
        {
            "step": 1,
            "train_loss": 0.06216668337583542,
            "actions_pred1": [
                [
                    [
                        -0.2839919328689575,
                        -0.29168111085891724,
                        0.6023668646812439,
                        0.2182057499885559
                    ],
                    [
                        -0.3258831202983856,
                        -0.16961388289928436,
                        0.7995327115058899,
                        0.1043197512626648
                    ],
                    [
                        -0.19929423928260803,
                        -0.018432974815368652,
                        0.585006833076477,
                        0.022995978593826294
                    ],
                    [
                        -0.24701693654060364,
                        0.0759267657995224,
                        0.4044382572174072,
                        0.04551258683204651
                    ],
                    [
                        -0.34669071435928345,
                        -0.00322665274143219,
                        0.3567655086517334,
                        0.19347313046455383
                    ],
                    [
                        -0.4613478183746338,
                        0.006204560399055481,
                        0.5602149963378906,
                        0.17445775866508484
                    ],
                    [
                        -0.4387971758842468,
                        0.10715822130441666,
                        0.5736894011497498,
                        0.2520686686038971
                    ],
                    [
                        -0.5510818958282471,
                        0.11573097109794617,
                        0.5970649719238281,
                        0.24942150712013245
                    ],
                    [
                        -0.537915050983429,
                        -0.04058973491191864,
                        0.6170179843902588,
                        0.025993943214416504
                    ],
                    [
                        -0.4575274586677551,
                        -0.12285362184047699,
                        0.5136936902999878,
                        0.041881561279296875
                    ],
                    [
                        -0.5534094572067261,
                        -0.04554609954357147,
                        0.6578080654144287,
                        0.05942836403846741
                    ],
                    [
                        -0.6418316960334778,
                        0.013941362500190735,
                        0.6221357583999634,
                        0.08352729678153992
                    ],
                    [
                        -0.47460177540779114,
                        -0.038257479667663574,
                        0.5782124996185303,
                        0.16919562220573425
                    ],
                    [
                        -0.4286418855190277,
                        -0.039988283067941666,
                        0.5690319538116455,
                        0.10440826416015625
                    ],
                    [
                        -0.5016055107116699,
                        0.030895181000232697,
                        0.6025983095169067,
                        0.046292394399642944
                    ],
                    [
                        -0.49909549951553345,
                        0.11751578748226166,
                        0.7558535933494568,
                        0.10405635833740234
                    ],
                    [
                        -0.5820079445838928,
                        0.044446881860494614,
                        0.6975959539413452,
                        0.17089620232582092
                    ],
                    [
                        -0.5302340984344482,
                        0.07767851650714874,
                        0.6690902709960938,
                        0.1468660682439804
                    ],
                    [
                        -0.5225958824157715,
                        0.18287017941474915,
                        0.6575071811676025,
                        0.17115819454193115
                    ],
                    [
                        -0.5182268023490906,
                        0.14153528213500977,
                        0.8014318346977234,
                        0.16170763969421387
                    ]
                ]
            ],
            "actions_pred": [
                [
                    [
                        -0.2839919328689575,
                        -0.3258831202983856,
                        -0.19929423928260803,
                        -0.24701693654060364,
                        -0.34669071435928345,
                        -0.4613478183746338,
                        -0.4387971758842468,
                        -0.5510818958282471,
                        -0.537915050983429,
                        -0.4575274586677551,
                        -0.5534094572067261,
                        -0.6418316960334778,
                        -0.47460177540779114,
                        -0.4286418855190277,
                        -0.5016055107116699,
                        -0.49909549951553345,
                        -0.5820079445838928,
                        -0.5302340984344482,
                        -0.5225958824157715,
                        -0.5182268023490906
                    ],
                    [
                        -0.29168111085891724,
                        -0.16961388289928436,
                        -0.018432974815368652,
                        0.0759267657995224,
                        -0.00322665274143219,
                        0.006204560399055481,
                        0.10715822130441666,
                        0.11573097109794617,
                        -0.04058973491191864,
                        -0.12285362184047699,
                        -0.04554609954357147,
                        0.013941362500190735,
                        -0.038257479667663574,
                        -0.039988283067941666,
                        0.030895181000232697,
                        0.11751578748226166,
                        0.044446881860494614,
                        0.07767851650714874,
                        0.18287017941474915,
                        0.14153528213500977
                    ],
                    [
                        0.6023668646812439,
                        0.7995327115058899,
                        0.585006833076477,
                        0.4044382572174072,
                        0.3567655086517334,
                        0.5602149963378906,
                        0.5736894011497498,
                        0.5970649719238281,
                        0.6170179843902588,
                        0.5136936902999878,
                        0.6578080654144287,
                        0.6221357583999634,
                        0.5782124996185303,
                        0.5690319538116455,
                        0.6025983095169067,
                        0.7558535933494568,
                        0.6975959539413452,
                        0.6690902709960938,
                        0.6575071811676025,
                        0.8014318346977234
                    ],
                    [
                        0.2182057499885559,
                        0.1043197512626648,
                        0.022995978593826294,
                        0.04551258683204651,
                        0.19347313046455383,
                        0.17445775866508484,
                        0.2520686686038971,
                        0.24942150712013245,
                        0.025993943214416504,
                        0.041881561279296875,
                        0.05942836403846741,
                        0.08352729678153992,
                        0.16919562220573425,
                        0.10440826416015625,
                        0.046292394399642944,
                        0.10405635833740234,
                        0.17089620232582092,
                        0.1468660682439804,
                        0.17115819454193115,
                        0.16170763969421387
                    ]
                ]
            ],
            "states": [
                [
                    [
                        5346016.0,
                        3.834013477899134e-05,
                        0.0014523763675242662,
                        508420.875
                    ],
                    [
                        5408280.0,
                        3.6602417821995914e-05,
                        0.0012122188927605748,
                        493151.53125
                    ],
                    [
                        5290992.0,
                        3.502258914522827e-05,
                        0.0010567386634647846,
                        527754.375
                    ],
                    [
                        4871072.0,
                        3.364306758157909e-05,
                        0.0010331012308597565,
                        499436.125
                    ],
                    [
                        5112888.0,
                        3.239049328840338e-05,
                        0.0008577806875109673,
                        510007.28125
                    ],
                    [
                        5560320.0,
                        3.1150953873293474e-05,
                        0.009355437941849232,
                        487248.6875
                    ],
                    [
                        5574800.0,
                        1.764485568855889e-05,
                        0.005326922982931137,
                        503265.46875
                    ],
                    [
                        5363392.0,
                        1.8441511201672256e-05,
                        0.00705355079844594,
                        500775.59375
                    ],
                    [
                        5134608.0,
                        2.999954449478537e-05,
                        0.003215600736439228,
                        494512.125
                    ],
                    [
                        5509640.0,
                        1.6405823771492578e-05,
                        0.005743528250604868,
                        466303.4375
                    ],
                    [
                        5509640.0,
                        1.6405823771492578e-05,
                        0.005743528250604868,
                        466303.4375
                    ],
                    [
                        5069448.0,
                        2.8978191039641388e-05,
                        0.0006789364852011204,
                        506032.28125
                    ],
                    [
                        5574800.0,
                        1.764485568855889e-05,
                        0.005326922982931137,
                        503265.46875
                    ],
                    [
                        1811448.0,
                        2.832559766829945e-05,
                        0.006547329016029835,
                        511753.5625
                    ],
                    [
                        5228728.0,
                        2.7692145522451028e-05,
                        0.00019177634385414422,
                        489897.5625
                    ],
                    [
                        5105648.0,
                        2.680875695659779e-05,
                        0.0001491233124397695,
                        484135.40625
                    ],
                    [
                        5137504.0,
                        2.59872085734969e-05,
                        0.0002625611668918282,
                        463221.75
                    ],
                    [
                        5053520.0,
                        2.521825081203133e-05,
                        0.0004885925445705652,
                        468607.3125
                    ],
                    [
                        4761024.0,
                        2.4519293219782412e-05,
                        0.0010367168579250574,
                        491127.34375
                    ],
                    [
                        4991256.0,
                        2.386243431828916e-05,
                        0.0028569940477609634,
                        492679.28125
                    ]
                ]
            ],
            "actions": [
                [
                    [
                        0.25
                    ],
                    [
                        0.25
                    ],
                    [
                        0.25
                    ],
                    [
                        0.25
                    ],
                    [
                        0.25
                    ],
                    [
                        0.25
                    ],
                    [
                        0.25
                    ],
                    [
                        0.25
                    ],
                    [
                        0.25
                    ],
                    [
                        0.25
                    ],
                    [
                        0.25
                    ],
                    [
                        0.25
                    ],
                    [
                        0.25
                    ],
                    [
                        0.25
                    ],
                    [
                        0.25
                    ],
                    [
                        0.25
                    ],
                    [
                        0.25
                    ],
                    [
                        0.25
                    ],
                    [
                        0.25
                    ],
                    [
                        0.25
                    ]
                ]
            ],
            "returns": [
                [
                    [
                        0.03608226776123047
                    ],
                    [
                        0.03514878451824188
                    ],
                    [
                        0.03421427682042122
                    ],
                    [
                        0.033281709998846054
                    ],
                    [
                        0.03235647454857826
                    ],
                    [
                        0.031426943838596344
                    ],
                    [
                        0.030489977449178696
                    ],
                    [
                        0.029552778229117393
                    ],
                    [
                        0.028619008138775826
                    ],
                    [
                        0.027689101174473763
                    ],
                    [
                        0.02675294503569603
                    ],
                    [
                        0.025816788896918297
                    ],
                    [
                        0.024888014420866966
                    ],
                    [
                        0.023950817063450813
                    ],
                    [
                        0.023113280534744263
                    ],
                    [
                        0.022181764245033264
                    ],
                    [
                        0.021252360194921494
                    ],
                    [
                        0.02032240480184555
                    ],
                    [
                        0.019393909722566605
                    ],
                    [
                        0.018470700830221176
                    ]
                ]
            ],
            "timesteps": [
                [
                    600,
                    601,
                    602,
                    603,
                    604,
                    605,
                    606,
                    607,
                    608,
                    609,
                    610,
                    611,
                    612,
                    613,
                    614,
                    615,
                    616,
                    617,
                    618,
                    619
                ]
            ],
            "labels": [
                [
                    0,
                    0,
                    0,
                    0,
                    0,
                    0,
                    0,
                    0,
                    0,
                    0,
                    0,
                    0,
                    0,
                    0,
                    0,
                    0,
                    0,
                    0,
                    0,
                    0
                ]
            ],
            "CPU Usage": 53.7,
            "RAM Usage": 59.4,
            "GPU Usage": 0.0,
            "VRAM Usage": 376.0,
            "Disk Read Speed (MB/s)": 190607.4990234375,
            "Disk Write Speed (MB/s)": 284811.6689453125
        },
        {
            "step": 2,
            "train_loss": 0.053645990788936615,
            "actions_pred1": [
                [
                    [
                        -0.5717467665672302,
                        -0.8710928559303284,
                        -0.07598215341567993,
                        -0.003748685121536255
                    ],
                    [
                        -0.6407473087310791,
                        -0.45663684606552124,
                        -0.04808536171913147,
                        0.32648205757141113
                    ],
                    [
                        -0.6089739799499512,
                        -0.3640294671058655,
                        0.05615508556365967,
                        0.32704615592956543
                    ],
                    [
                        -0.5915615558624268,
                        -0.2523522973060608,
                        0.20344826579093933,
                        0.2546822428703308
                    ],
                    [
                        -0.6263197660446167,
                        -0.3887902498245239,
                        0.22088536620140076,
                        0.20272588729858398
                    ],
                    [
                        -0.6360714435577393,
                        -0.3022480905056,
                        0.4126630425453186,
                        0.11768785119056702
                    ],
                    [
                        -0.6213580369949341,
                        -0.4076001048088074,
                        0.3916846215724945,
                        0.2274015247821808
                    ],
                    [
                        -0.6102905869483948,
                        -0.4251696467399597,
                        0.32070595026016235,
                        0.3610481023788452
                    ],
                    [
                        -0.7110059261322021,
                        -0.47834569215774536,
                        0.32301485538482666,
                        0.22751297056674957
                    ],
                    [
                        -0.791063129901886,
                        -0.46243080496788025,
                        0.2795230448246002,
                        0.22475014626979828
                    ],
                    [
                        -0.6882350444793701,
                        -0.22972814738750458,
                        0.45120012760162354,
                        0.2444572150707245
                    ],
                    [
                        -0.7729947566986084,
                        -0.2803409993648529,
                        0.4388960301876068,
                        0.40885061025619507
                    ],
                    [
                        -0.7680231928825378,
                        -0.3043330907821655,
                        0.4876468777656555,
                        0.3669564723968506
                    ],
                    [
                        -0.7572171092033386,
                        -0.24841052293777466,
                        0.558830738067627,
                        0.36191585659980774
                    ],
                    [
                        -0.771847128868103,
                        -0.2702394425868988,
                        0.5084050297737122,
                        0.2646406888961792
                    ],
                    [
                        -0.8082543611526489,
                        -0.2740160822868347,
                        0.42454949021339417,
                        0.33903852105140686
                    ],
                    [
                        -0.7302416563034058,
                        -0.3060828745365143,
                        0.45682328939437866,
                        0.2153342366218567
                    ],
                    [
                        -0.7850813865661621,
                        -0.3200325667858124,
                        0.4214096665382385,
                        0.2045130729675293
                    ],
                    [
                        -0.6874533891677856,
                        -0.0889359638094902,
                        0.3546285927295685,
                        0.3596220016479492
                    ],
                    [
                        -0.6466308236122131,
                        -0.2544953227043152,
                        0.46382778882980347,
                        0.30925577878952026
                    ]
                ]
            ],
            "actions_pred": [
                [
                    [
                        -0.5717467665672302,
                        -0.6407473087310791,
                        -0.6089739799499512,
                        -0.5915615558624268,
