{
    "steps": [
        {
            "step": 0,
            "train_loss": 0.03495817258954048,
            "actions_pred1": [
                [
                    [
                        0.11468970030546188,
                        -0.17202609777450562,
                        0.3063940107822418,
                        0.785645067691803
                    ],
                    [
                        0.03532811254262924,
                        0.011103406548500061,
                        0.3649752736091614,
                        0.8341124653816223
                    ],
                    [
                        0.06778447329998016,
                        0.08284562826156616,
                        0.3505938649177551,
                        0.6778799891471863
                    ],
                    [
                        0.030883975327014923,
                        0.02321726083755493,
                        0.2442750632762909,
                        0.6433876752853394
                    ],
                    [
                        -0.20064519345760345,
                        0.24345406889915466,
                        0.4590981602668762,
                        0.5089124441146851
                    ],
                    [
                        -0.32092586159706116,
                        0.05024877190589905,
                        0.5034506320953369,
                        0.5288244485855103
                    ],
                    [
                        -0.1844630092382431,
                        0.09021709859371185,
                        0.5462709665298462,
                        0.6428471803665161
                    ],
                    [
                        -0.0014591366052627563,
                        -0.2199414223432541,
                        0.616534411907196,
                        0.5715497732162476
                    ],
                    [
                        -0.2002522051334381,
                        -0.09613218158483505,
                        0.7712641358375549,
                        0.5551562309265137
                    ],
                    [
                        -0.2736809253692627,
                        -0.02666759490966797,
                        0.7116823196411133,
                        0.5736874341964722
                    ],
                    [
                        -0.15796351432800293,
                        -0.1021442636847496,
                        0.6096340417861938,
                        0.5381842851638794
                    ],
                    [
                        -0.08125802874565125,
                        -0.016500316560268402,
                        0.6652883291244507,
                        0.6096137762069702
                    ],
                    [
                        -0.13894079625606537,
                        -0.045267023146152496,
                        0.6420633792877197,
                        0.5456017851829529
                    ],
                    [
                        -0.22675637900829315,
                        -0.15997442603111267,
                        0.7035624980926514,
                        0.5016327500343323
                    ],
                    [
                        -0.2820739150047302,
                        -0.10157027840614319,
                        0.6671905517578125,
                        0.5874924659729004
                    ],
                    [
                        -0.33047062158584595,
                        -0.08390156924724579,
                        0.6033083200454712,
                        0.7205342054367065
                    ],
                    [
                        -0.24462030827999115,
                        -0.0722692608833313,
                        0.6797075271606445,
                        0.7440475225448608
                    ],
                    [
                        -0.19613100588321686,
                        -0.05076448619365692,
                        0.7457780241966248,
                        0.7657655477523804
                    ],
                    [
                        -0.13188928365707397,
                        0.013789497315883636,
                        0.9518816471099854,
                        0.6281195878982544
                    ],
                    [
                        -0.15518774092197418,
                        -0.04571310430765152,
                        0.8210703134536743,
                        0.5907405614852905
                    ]
                ]
            ],
            "actions_pred": [
                [
                    [
                        0.11468970030546188,
                        0.03532811254262924,
                        0.06778447329998016,
                        0.030883975327014923,
                        -0.20064519345760345,
                        -0.32092586159706116,
                        -0.1844630092382431,
                        -0.0014591366052627563,
                        -0.2002522051334381,
                        -0.2736809253692627,
                        -0.15796351432800293,
                        -0.08125802874565125,
                        -0.13894079625606537,
                        -0.22675637900829315,
                        -0.2820739150047302,
                        -0.33047062158584595,
                        -0.24462030827999115,
                        -0.19613100588321686,
                        -0.13188928365707397,
                        -0.15518774092197418
                    ],
                    [
                        -0.17202609777450562,
                        0.011103406548500061,
                        0.08284562826156616,
                        0.02321726083755493,
                        0.24345406889915466,
                        0.05024877190589905,
                        0.09021709859371185,
                        -0.2199414223432541,
                        -0.09613218158483505,
                        -0.02666759490966797,
                        -0.1021442636847496,
                        -0.016500316560268402,
                        -0.045267023146152496,
                        -0.15997442603111267,
                        -0.10157027840614319,
                        -0.08390156924724579,
                        -0.0722692608833313,
                        -0.05076448619365692,
                        0.013789497315883636,
                        -0.04571310430765152
                    ],
                    [
                        0.3063940107822418,
                        0.3649752736091614,
                        0.3505938649177551,
                        0.2442750632762909,
                        0.4590981602668762,
                        0.5034506320953369,
                        0.5462709665298462,
                        0.616534411907196,
                        0.7712641358375549,
                        0.7116823196411133,
                        0.6096340417861938,
                        0.6652883291244507,
                        0.6420633792877197,
                        0.7035624980926514,
                        0.6671905517578125,
                        0.6033083200454712,
                        0.6797075271606445,
                        0.7457780241966248,
                        0.9518816471099854,
                        0.8210703134536743
                    ],
                    [
                        0.785645067691803,
                        0.8341124653816223,
                        0.6778799891471863,
                        0.6433876752853394,
                        0.5089124441146851,
                        0.5288244485855103,
                        0.6428471803665161,
                        0.5715497732162476,
                        0.5551562309265137,
                        0.5736874341964722,
                        0.5381842851638794,
                        0.6096137762069702,
                        0.5456017851829529,
                        0.5016327500343323,
                        0.5874924659729004,
                        0.7205342054367065,
                        0.7440475225448608,
                        0.7657655477523804,
                        0.6281195878982544,
                        0.5907405614852905
                    ]
                ]
            ],
            "states": [
                [
                    [
                        5325744.0,
                        3.011092121596448e-05,
                        0.00027277067420072854,
                        851925.625
                    ],
                    [
                        5357600.0,
                        2.9456161428242922e-05,
                        0.00027305487310513854,
                        832487.0625
                    ],
                    [
                        5618240.0,
                        2.881258842535317e-05,
                        0.0002689558023121208,
                        866650.0
                    ],
                    [
                        5764488.0,
                        2.8174086764920503e-05,
                        0.0002797737834043801,
                        885137.0
                    ],
                    [
                        5370632.0,
                        2.7576063075684942e-05,
                        0.00025503398501314223,
                        827897.4375
                    ],
                    [
                        5432896.0,
                        2.7019848857889883e-05,
                        0.00027816780493594706,
                        880666.4375
                    ],
                    [
                        5364840.0,
                        2.6485795387998223e-05,
                        0.00026209698989987373,
                        834819.0
                    ],
                    [
                        5233072.0,
                        2.598174069134984e-05,
                        0.0002851165772881359,
                        880287.1875
                    ],
                    [
                        5114336.0,
                        2.5507837563054636e-05,
                        0.000267517170868814,
                        884475.5
                    ],
                    [
                        5458960.0,
                        2.504124859115109e-05,
                        0.00027258697082288563,
                        833080.1875
                    ],
                    [
                        5170808.0,
                        2.4588902306277305e-05,
                        0.00027191461413167417,
                        830618.8125
                    ],
                    [
                        5131712.0,
                        2.416586175968405e-05,
                        0.00027577357832342386,
                        795031.0
                    ],
                    [
                        5137504.0,
                        2.3758442694088444e-05,
                        0.00027702987426891923,
                        830415.5625
                    ],
                    [
                        5460408.0,
                        2.3352160496870056e-05,
                        0.0002779100905172527,
                        812805.0
                    ],
                    [
                        5332984.0,
                        2.2952330255066045e-05,
                        0.00026160795823670924,
                        784998.0
                    ],
                    [
                        5464752.0,
                        2.256591324112378e-05,
                        0.0002753763983491808,
                        843504.25
                    ],
                    [
                        5461856.0,
                        2.2187881768331863e-05,
                        0.0002731475979089737,
                        901654.0625
                    ],
                    [
                        5571904.0,
                        2.181875788664911e-05,
                        0.0002628508664201945,
                        880942.125
                    ],
                    [
                        5370632.0,
                        2.146460974472575e-05,
                        0.00026417680783197284,
                        856475.0625
                    ],
                    [
                        5508192.0,
                        2.1123838450876065e-05,
                        0.0002805523981805891,
                        865747.5
                    ]
                ]
            ],
            "actions": [
                [
                    [
                        0.75
                    ],
                    [
                        0.75
                    ],
                    [
                        0.75
                    ],
                    [
                        0.75
                    ],
                    [
                        0.75
                    ],
                    [
                        0.75
                    ],
                    [
                        0.75
                    ],
                    [
                        0.75
                    ],
                    [
                        0.75
                    ],
                    [
                        0.75
                    ],
                    [
                        0.75
                    ],
                    [
                        0.75
                    ],
                    [
                        0.75
                    ],
                    [
                        0.75
                    ],
                    [
                        0.75
                    ],
                    [
                        0.75
                    ],
                    [
                        0.75
                    ],
                    [
                        0.75
                    ],
                    [
                        0.75
                    ],
                    [
                        0.75
                    ]
                ]
            ],
            "returns": [
                [
                    [
                        0.34190085530281067
                    ],
                    [
                        0.34096771478652954
                    ],
                    [
                        0.34003403782844543
                    ],
                    [
                        0.3390961289405823
                    ],
                    [
                        0.33815598487854004
                    ],
                    [
                        0.33722206950187683
                    ],
                    [
                        0.33628717064857483
                    ],
                    [
                        0.33535337448120117
                    ],
                    [
                        0.3344217836856842
                    ],
                    [
                        0.3334922194480896
                    ],
                    [
                        0.33255690336227417
                    ],
                    [
                        0.33162635564804077
                    ],
                    [
                        0.3306964933872223
                    ],
                    [
                        0.32976654171943665
                    ],
                    [
                        0.32883119583129883
                    ],
                    [
                        0.32789793610572815
                    ],
                    [
                        0.32696250081062317
                    ],
                    [
                        0.3260270953178406
                    ],
                    [
                        0.3250899612903595
                    ],
                    [
                        0.3241560757160187
                    ]
                ]
            ],
            "timesteps": [
                [
                    260,
                    261,
                    262,
                    263,
                    264,
                    265,
                    266,
                    267,
                    268,
                    269,
                    270,
                    271,
                    272,
                    273,
                    274,
                    275,
                    276,
                    277,
                    278,
                    279
                ]
            ],
            "labels": [
                [
                    2,
                    2,
                    2,
                    2,
                    2,
                    2,
                    2,
                    2,
                    2,
                    2,
                    2,
                    2,
                    2,
                    2,
                    2,
                    2,
                    2,
                    2,
                    2,
                    2
                ]
            ],
            "CPU Usage": 44.5,
            "RAM Usage": 58.4,
            "GPU Usage": 0.0,
            "VRAM Usage": 376.0,
            "Disk Read Speed (MB/s)": 190569.51953125,
            "Disk Write Speed (MB/s)": 281223.3603515625
        },
        {
            "step": 1,
            "train_loss": 0.0540844090282917,
            "actions_pred1": [
                [
                    [
                        -0.0680016428232193,
                        -0.30744314193725586,
                        0.535599946975708,
                        0.5481221675872803
                    ],
                    [
                        -0.1855427324771881,
                        -0.0730758011341095,
                        0.7157686352729797,
                        0.6275581121444702
                    ],
                    [
                        -0.30144003033638,
                        0.02890913188457489,
                        0.6961172819137573,
                        0.5673307776451111
                    ],
                    [
                        -0.3127734661102295,
                        -0.0024660974740982056,
                        0.7326887845993042,
                        0.569878101348877
                    ],
                    [
                        -0.262151300907135,
                        0.057309553027153015,
                        0.7561295032501221,
                        0.5171574950218201
                    ],
                    [
                        -0.2202797830104828,
                        -0.006799489259719849,
                        0.6555858254432678,
                        0.4839230179786682
                    ],
                    [
                        -0.15025010704994202,
                        0.03381981700658798,
                        0.7219335436820984,
                        0.404291033744812
                    ],
                    [
                        -0.1430501639842987,
                        -0.007123105227947235,
                        0.6677057147026062,
                        0.43262356519699097
                    ],
                    [
                        -0.26680418848991394,
                        -0.07519809156656265,
                        0.7588675022125244,
                        0.3664211332798004
                    ],
                    [
                        -0.2647743821144104,
                        0.016301721334457397,
                        0.8243389129638672,
                        0.3343830406665802
                    ],
                    [
                        -0.38782572746276855,
                        -0.11529651284217834,
                        0.895645797252655,
                        0.1905820369720459
                    ],
                    [
                        -0.459369421005249,
                        -0.09142964333295822,
                        0.7518943548202515,
                        0.149980366230011
                    ],
                    [
                        -0.4441554844379425,
                        -0.0440782830119133,
                        0.7345859408378601,
                        0.24993428587913513
                    ],
                    [
                        -0.3820016384124756,
                        0.010232817381620407,
                        0.8126097321510315,
                        0.32339373230934143
                    ],
                    [
                        -0.5341723561286926,
                        -0.2737225890159607,
                        0.793795108795166,
                        0.22810077667236328
                    ],
                    [
                        -0.4112967550754547,
                        -0.27963435649871826,
                        0.7573755979537964,
                        0.24493229389190674
                    ],
                    [
                        -0.43123674392700195,
                        -0.15992851555347443,
                        0.7997263669967651,
                        0.21724027395248413
                    ],
                    [
                        -0.4502127170562744,
                        -0.07359851896762848,
                        0.7181029319763184,
                        0.32140204310417175
                    ],
                    [
                        -0.3765663206577301,
                        -0.09171132743358612,
                        0.8111170530319214,
                        0.2994491457939148
                    ],
                    [
                        -0.37432071566581726,
                        -0.08291314542293549,
                        0.7623792290687561,
                        0.29794633388519287
                    ]
                ]
            ],
            "actions_pred": [
                [
                    [
                        -0.0680016428232193,
                        -0.1855427324771881,
                        -0.30144003033638,
                        -0.3127734661102295,
                        -0.262151300907135,
                        -0.2202797830104828,
                        -0.15025010704994202,
                        -0.1430501639842987,
                        -0.26680418848991394,
                        -0.2647743821144104,
                        -0.38782572746276855,
                        -0.459369421005249,
                        -0.4441554844379425,
                        -0.3820016384124756,
                        -0.5341723561286926,
                        -0.4112967550754547,
                        -0.43123674392700195,
                        -0.4502127170562744,
                        -0.3765663206577301,
                        -0.37432071566581726
                    ],
                    [
                        -0.30744314193725586,
                        -0.0730758011341095,
                        0.02890913188457489,
                        -0.0024660974740982056,
                        0.057309553027153015,
                        -0.006799489259719849,
                        0.03381981700658798,
                        -0.007123105227947235,
                        -0.07519809156656265,
                        0.016301721334457397,
                        -0.11529651284217834,
                        -0.09142964333295822,
                        -0.0440782830119133,
                        0.010232817381620407,
                        -0.2737225890159607,
                        -0.27963435649871826,
                        -0.15992851555347443,
                        -0.07359851896762848,
                        -0.09171132743358612,
                        -0.08291314542293549
                    ],
                    [
                        0.535599946975708,
                        0.7157686352729797,
                        0.6961172819137573,
                        0.7326887845993042,
                        0.7561295032501221,
                        0.6555858254432678,
                        0.7219335436820984,
                        0.6677057147026062,
                        0.7588675022125244,
                        0.8243389129638672,
                        0.895645797252655,
                        0.7518943548202515,
                        0.7345859408378601,
                        0.8126097321510315,
                        0.793795108795166,
                        0.7573755979537964,
                        0.7997263669967651,
                        0.7181029319763184,
                        0.8111170530319214,
                        0.7623792290687561
                    ],
                    [
                        0.5481221675872803,
                        0.6275581121444702,
                        0.5673307776451111,
                        0.569878101348877,
                        0.5171574950218201,
                        0.4839230179786682,
                        0.404291033744812,
                        0.43262356519699097,
                        0.3664211332798004,
                        0.3343830406665802,
                        0.1905820369720459,
                        0.149980366230011,
                        0.24993428587913513,
                        0.32339373230934143,
                        0.22810077667236328,
                        0.24493229389190674,
                        0.21724027395248413,
                        0.32140204310417175,
                        0.2994491457939148,
                        0.29794633388519287
                    ]
                ]
            ],
            "states": [
                [
                    [
                        6436360.0,
                        3.756791920750402e-05,
                        0.00023788119142409414,
                        525420.0
                    ],
                    [
                        5822408.0,
                        3.5673747333930805e-05,
                        0.0002484873402863741,
                        540076.8125
                    ],
                    [
                        6120696.0,
                        3.400527930352837e-05,
                        0.00025739934062585235,
                        546681.375
                    ],
                    [
                        6143632.0,
                        3.2446547265863046e-05,
                        0.00019004895875696093,
                        549135.1875
                    ],
                    [
                        6290344.0,
                        3.100591857219115e-05,
                        0.00022606240236200392,
                        515628.96875
                    ],
                    [
                        7225288.0,
                        2.9579521651612595e-05,
                        0.0002532026555854827,
                        501138.75
                    ],
                    [
                        5695216.0,
                        2.8330134227871895e-05,
                        0.0002667571825440973,
                        501280.09375
                    ],
                    [
                        6048296.0,
                        2.72848174063256e-05,
                        0.00026687141507864,
                        520591.84375
                    ],
                    [
                        5956840.0,
                        2.6292696929886006e-05,
                        0.0002529114135541022,
                        510954.5
                    ],
                    [
                        5511320.0,
                        2.5409783120267093e-05,
                        0.0002583715249784291,
                        498321.25
                    ],
                    [
                        7421000.0,
                        2.448467603244353e-05,
                        0.001365873496979475,
                        470548.53125
                    ],
                    [
                        6653560.0,
                        2.3549235265818425e-05,
                        0.0008239395683631301,
                        489404.40625
                    ],
                    [
                        5919424.0,
                        2.2772055672248825e-05,
                        0.0005388445570133626,
                        494672.6875
                    ],
                    [
                        6049744.0,
                        2.2078909751144238e-05,
                        0.0005018769879825413,
                        522203.84375
                    ],
                    [
                        5699328.0,
                        2.1438178009702824e-05,
                        0.0005396626074798405,
                        525676.375
                    ],
                    [
                        5907840.0,
                        2.084095285681542e-05,
                        0.00039070475031621754,
                        484434.71875
                    ],
                    [
                        7654128.0,
                        2.0184714230708778e-05,
                        0.00037147922557778656,
                        485244.75
                    ],
                    [
                        6171376.0,
                        1.9555423932615668e-05,
                        0.00035373689024709165,
                        520211.9375
                    ],
                    [
                        5359048.0,
                        1.9060054910369217e-05,
                        0.0003472233365755528,
                        514446.75
                    ],
                    [
                        5344568.0,
                        1.8622442439664155e-05,
                        0.00021890846255701035,
                        526664.75
                    ]
                ]
            ],
            "actions": [
                [
                    [
                        0.5
                    ],
                    [
                        0.5
                    ],
                    [
                        0.5
                    ],
                    [
                        0.5
                    ],
                    [
                        0.5
                    ],
                    [
                        0.5
                    ],
                    [
                        0.5
                    ],
                    [
                        0.5
                    ],
                    [
                        0.5
                    ],
                    [
                        0.5
                    ],
                    [
                        0.5
                    ],
                    [
                        0.5
                    ],
                    [
                        0.5
                    ],
                    [
                        0.5
                    ],
                    [
                        0.5
                    ],
                    [
                        0.5
                    ],
                    [
                        0.5
                    ],
                    [
                        0.5
                    ],
                    [
                        0.5
                    ],
                    [
                        0.5
                    ]
                ]
            ],
            "returns": [
                [
                    [
                        0.17125853896141052
                    ],
                    [
                        0.17030860483646393
                    ],
                    [
                        0.16936755180358887
                    ],
                    [
                        0.16842207312583923
                    ],
                    [
                        0.16747625172138214
                    ],
                    [
                        0.1665283590555191
                    ],
                    [
                        0.16556815803050995
                    ],
                    [
                        0.16462907195091248
                    ],
                    [
                        0.1636846512556076
                    ],
                    [
                        0.16274157166481018
                    ],
                    [
                        0.1618053913116455
                    ],
                    [
                        0.16084282100200653
                    ],
                    [
                        0.15988995134830475
                    ],
                    [
                        0.1589474231004715
                    ],
                    [
                        0.15800298750400543
                    ],
                    [
                        0.157063826918602
                    ],
                    [
                        0.15612147748470306
                    ],
                    [
                        0.1551561802625656
                    ],
                    [
                        0.15420997142791748
                    ],
                    [
                        0.153276264667511
                    ]
                ]
            ],
            "timesteps": [
                [
                    440,
                    441,
                    442,
                    443,
                    444,
                    445,
                    446,
                    447,
                    448,
                    449,
                    450,
                    451,
                    452,
                    453,
                    454,
                    455,
                    456,
                    457,
                    458,
                    459
                ]
            ],
            "labels": [
                [
                    1,
                    1,
                    1,
                    1,
                    1,
                    1,
                    1,
                    1,
                    1,
                    1,
                    1,
                    1,
                    1,
                    1,
                    1,
                    1,
                    1,
                    1,
                    1,
                    1
                ]
            ],
            "CPU Usage": 47.0,
            "RAM Usage": 59.2,
            "GPU Usage": 0.0,
            "VRAM Usage": 376.0,
            "Disk Read Speed (MB/s)": 190569.51953125,
            "Disk Write Speed (MB/s)": 281223.5830078125
        },
        {
            "step": 2,
            "train_loss": 0.061788372695446014,
            "actions_pred1": [
                [
                    [
                        0.1241670548915863,
                        -0.46375128626823425,
                        0.7575564384460449,
                        0.7272118330001831
                    ],
                    [
                        0.12463204562664032,
                        -0.28730183839797974,
                        0.738688588142395,
                        0.5837869644165039
                    ],
                    [
                        0.02002681791782379,
                        -0.14218446612358093,
                        0.7214522361755371,
                        0.4149487018585205
                    ],
                    [
                        -0.001223742961883545,
                        -0.09502820670604706,
                        0.826990008354187,
                        0.3771771788597107
                    ],
                    [
                        -0.062398120760917664,
                        -0.09010384231805801,
                        0.7330053448677063,
                        0.5537291765213013
                    ],
                    [
                        -0.00684574618935585,
                        -0.025365643203258514,
                        0.7811212539672852,
                        0.5951758623123169
                    ],
                    [
                        -0.015350259840488434,
                        -0.15643660724163055,
                        0.7235965132713318,
                        0.6432236433029175
                    ],
                    [
                        -0.15091663599014282,
                        -0.13193146884441376,
                        0.8735744953155518,
                        0.5567110180854797
                    ],
                    [
                        -0.2024490237236023,
                        -0.05269159376621246,
                        0.9226199984550476,
                        0.538915753364563
                    ],
                    [
                        -0.20299707353115082,
                        -0.12777510285377502,
                        0.8002884387969971,
                        0.5874532461166382
                    ],
                    [
                        -0.26819610595703125,
                        -0.052841559052467346,
                        0.8804126381874084,
                        0.4932183623313904
                    ],
                    [
                        -0.10801295936107635,
                        -0.03330028057098389,
                        0.9841025471687317,
                        0.7337231040000916
                    ],
                    [
                        -0.1184956431388855,
                        -0.035869188606739044,
                        0.9345598816871643,
                        0.4051227569580078
                    ],
                    [
                        -0.24466876685619354,
                        -0.020012270659208298,
                        0.950732409954071,
                        0.5075523853302002
                    ],
                    [
                        -0.24994313716888428,
                        -0.0021534934639930725,
                        1.0150721073150635,
                        0.5237693786621094
                    ],
                    [
                        -0.1494407057762146,
                        0.003196030855178833,
                        1.0022826194763184,
                        0.6389370560646057
                    ],
                    [
                        -0.24493364989757538,
                        -0.061525508761405945,
                        0.9558659791946411,
                        0.6694715619087219
                    ],
                    [
                        -0.36387982964515686,
                        -0.09110008925199509,
                        0.8411068916320801,
                        0.6364699602127075
                    ],
                    [
                        -0.21694119274616241,
                        -0.1757846623659134,
                        0.8000511527061462,
                        0.7167978286743164
                    ],
                    [
                        -0.3222728371620178,
                        -0.09470759332180023,
                        0.8731810450553894,
                        0.6743963360786438
                    ]
                ]
            ],
            "actions_pred": [
                [
                    [
                        0.1241670548915863,
                        0.12463204562664032,
                        0.02002681791782379,
                        -0.001223742961883545,
                        -0.062398120760917664,
                        -0.00684574618935585,
