{
    "steps": [
        {
            "step": 0,
            "train_loss": 0.0384552963078022,
            "actions_pred1": [
                [
                    [
                        0.010003350675106049,
                        -0.052645087242126465,
                        0.48908066749572754,
                        1.2368675470352173
                    ],
                    [
                        -0.3104291558265686,
                        0.06182881444692612,
                        0.5067498087882996,
                        1.0488395690917969
                    ],
                    [
                        -0.3412747383117676,
                        -0.07497857511043549,
                        0.339200496673584,
                        0.9986391663551331
                    ],
                    [
                        -0.3839751183986664,
                        -0.053708143532276154,
                        0.3812706470489502,
                        0.9072447419166565
                    ],
                    [
                        -0.45981550216674805,
                        0.0017524957656860352,
                        0.37640297412872314,
                        0.9190222024917603
                    ],
                    [
                        -0.3181593716144562,
                        -0.04094812273979187,
                        0.32035592198371887,
                        0.8217700123786926
                    ],
                    [
                        -0.4199986755847931,
                        -0.20346449315547943,
                        0.4947819113731384,
                        0.7309179306030273
                    ],
                    [
                        -0.41044509410858154,
                        -0.11445409059524536,
                        0.5590219497680664,
                        0.7299164533615112
                    ],
                    [
                        -0.5010714530944824,
                        -0.06540525704622269,
                        0.44307059049606323,
                        0.8585023880004883
                    ],
                    [
                        -0.44889646768569946,
                        -0.06931564211845398,
                        0.44902509450912476,
                        0.8127924203872681
                    ],
                    [
                        -0.4596010148525238,
                        -0.017765037715435028,
                        0.5993221402168274,
                        0.8650363087654114
                    ],
                    [
                        -0.3280528783798218,
                        -0.1811973601579666,
                        0.4780258536338806,
                        0.9892717599868774
                    ],
                    [
                        -0.40753668546676636,
                        -0.1538042575120926,
                        0.5614864230155945,
                        0.9673753976821899
                    ],
                    [
                        -0.41474002599716187,
                        -0.05446183681488037,
                        0.4908559322357178,
                        0.8420257568359375
                    ],
                    [
                        -0.4198979437351227,
                        0.010298814624547958,
                        0.6495435237884521,
                        0.8096723556518555
                    ],
                    [
                        -0.3143773078918457,
                        -0.017680183053016663,
                        0.5870214104652405,
                        0.7843960523605347
                    ],
                    [
                        -0.336861789226532,
                        -0.00023095309734344482,
                        0.662918746471405,
                        0.872948408126831
                    ],
                    [
                        -0.4818505644798279,
                        0.09261440485715866,
                        0.6818631291389465,
                        0.6860193014144897
                    ],
                    [
                        -0.41562730073928833,
                        0.046389155089855194,
                        0.6396300792694092,
                        0.6684800386428833
                    ],
                    [
                        -0.34953930974006653,
                        0.00012724846601486206,
                        0.576038658618927,
                        0.8274670839309692
                    ]
                ]
            ],
            "actions_pred": [
                [
                    [
                        0.010003350675106049,
                        -0.3104291558265686,
                        -0.3412747383117676,
                        -0.3839751183986664,
                        -0.45981550216674805,
                        -0.3181593716144562,
                        -0.4199986755847931,
                        -0.41044509410858154,
                        -0.5010714530944824,
                        -0.44889646768569946,
                        -0.4596010148525238,
                        -0.3280528783798218,
                        -0.40753668546676636,
                        -0.41474002599716187,
                        -0.4198979437351227,
                        -0.3143773078918457,
                        -0.336861789226532,
                        -0.4818505644798279,
                        -0.41562730073928833,
                        -0.34953930974006653
                    ],
                    [
                        -0.052645087242126465,
                        0.06182881444692612,
                        -0.07497857511043549,
                        -0.053708143532276154,
                        0.0017524957656860352,
                        -0.04094812273979187,
                        -0.20346449315547943,
                        -0.11445409059524536,
                        -0.06540525704622269,
                        -0.06931564211845398,
                        -0.017765037715435028,
                        -0.1811973601579666,
                        -0.1538042575120926,
                        -0.05446183681488037,
                        0.010298814624547958,
                        -0.017680183053016663,
                        -0.00023095309734344482,
                        0.09261440485715866,
                        0.046389155089855194,
                        0.00012724846601486206
                    ],
                    [
                        0.48908066749572754,
                        0.5067498087882996,
                        0.339200496673584,
                        0.3812706470489502,
                        0.37640297412872314,
                        0.32035592198371887,
                        0.4947819113731384,
                        0.5590219497680664,
                        0.44307059049606323,
                        0.44902509450912476,
                        0.5993221402168274,
                        0.4780258536338806,
                        0.5614864230155945,
                        0.4908559322357178,
                        0.6495435237884521,
                        0.5870214104652405,
                        0.662918746471405,
                        0.6818631291389465,
                        0.6396300792694092,
                        0.576038658618927
                    ],
                    [
                        1.2368675470352173,
                        1.0488395690917969,
                        0.9986391663551331,
                        0.9072447419166565,
                        0.9190222024917603,
                        0.8217700123786926,
                        0.7309179306030273,
                        0.7299164533615112,
                        0.8585023880004883,
                        0.8127924203872681,
                        0.8650363087654114,
                        0.9892717599868774,
                        0.9673753976821899,
                        0.8420257568359375,
                        0.8096723556518555,
                        0.7843960523605347,
                        0.872948408126831,
                        0.6860193014144897,
                        0.6684800386428833,
                        0.8274670839309692
                    ]
                ]
            ],
            "states": [
                [
                    [
                        5466200.0,
                        1.129001520894235e-05,
                        0.0002789112040773034,
                        818770.4375
                    ],
                    [
                        5612448.0,
                        1.1129687663924415e-05,
                        0.00025781430304050446,
                        898413.75
                    ],
                    [
                        5046280.0,
                        1.0979628314089496e-05,
                        0.0002818313369061798,
                        909004.75
                    ],
                    [
                        5249000.0,
                        1.0838540219992865e-05,
                        0.00027022496215067804,
                        810422.3125
                    ],
                    [
                        5515432.0,
                        1.0694837328628637e-05,
                        0.00027221045456826687,
                        891063.1875
                    ],
                    [
                        5182392.0,
                        1.0555714652582537e-05,
                        0.0002733847650233656,
                        862686.6875
                    ],
                    [
                        5021664.0,
                        1.0426368135085795e-05,
                        0.00026607781182974577,
                        893778.125
                    ],
                    [
                        5292440.0,
                        1.0298814231646247e-05,
                        0.00028466759249567986,
                        852371.5625
                    ],
                    [
                        5366288.0,
                        1.0170228961214889e-05,
                        0.0002693114511203021,
                        775255.625
                    ],
                    [
                        5483576.0,
                        1.0042614121630322e-05,
                        0.0002695369767025113,
                        802315.875
                    ],
                    [
                        5369184.0,
                        9.918102477968205e-06,
                        0.00026757299201563,
                        854250.0
                    ],
                    [
                        5670368.0,
                        9.794596735446248e-06,
                        0.0002770914288703352,
                        851009.75
                    ],
                    [
                        5537152.0,
                        9.67230062087765e-06,
                        0.0002540841815061867,
                        843244.5625
                    ],
                    [
                        5557424.0,
                        9.554213647788856e-06,
                        0.0002650599053595215,
                        914621.5625
                    ],
                    [
                        5403936.0,
                        9.440349458600394e-06,
                        0.00027801760006695986,
                        829670.8125
                    ],
                    [
                        5246104.0,
                        9.332287845609244e-06,
                        0.0002704633225221187,
                        839801.4375
                    ],
                    [
                        5603760.0,
                        9.224719178746454e-06,
                        0.0002756867033895105,
                        804814.3125
                    ],
                    [
                        5383664.0,
                        9.118263733398635e-06,
                        0.00025344316964037716,
                        920753.0625
                    ],
                    [
                        5525568.0,
                        8.914936188375577e-06,
                        0.000413205154472962,
                        941023.9375
                    ],
                    [
                        5521224.0,
                        8.814949069346767e-06,
                        0.00012937834253534675,
                        850908.25
                    ]
                ]
            ],
            "actions": [
                [
                    [
                        0.75
                    ],
                    [
                        0.75
                    ],
                    [
                        0.75
                    ],
                    [
                        0.75
                    ],
                    [
                        0.75
                    ],
                    [
                        0.75
                    ],
                    [
                        0.75
                    ],
                    [
                        0.75
                    ],
                    [
                        0.75
                    ],
                    [
                        0.75
                    ],
                    [
                        0.75
                    ],
                    [
                        0.75
                    ],
                    [
                        0.75
                    ],
                    [
                        0.75
                    ],
                    [
                        0.75
                    ],
                    [
                        0.75
                    ],
                    [
                        0.75
                    ],
                    [
                        0.75
                    ],
                    [
                        0.75
                    ],
                    [
                        0.75
                    ]
                ]
            ],
            "returns": [
                [
                    [
                        0.5242103934288025
                    ],
                    [
                        0.5232749581336975
                    ],
                    [
                        0.5223371386528015
                    ],
                    [
                        0.5214087963104248
                    ],
                    [
                        0.5204769372940063
                    ],
                    [
                        0.5195406675338745
                    ],
                    [
                        0.5186099410057068
                    ],
                    [
                        0.5176820158958435
                    ],
                    [
                        0.5167494416236877
                    ],
                    [
                        0.5158156156539917
                    ],
                    [
                        0.5148798823356628
                    ],
                    [
                        0.513945996761322
                    ],
                    [
                        0.5130072832107544
                    ],
                    [
                        0.5120707154273987
                    ],
                    [
                        0.5111337900161743
                    ],
                    [
                        0.5101993083953857
                    ],
                    [
                        0.5092675089836121
                    ],
                    [
                        0.5083298683166504
                    ],
                    [
                        0.5073957443237305
                    ],
                    [
                        0.5064593553543091
                    ]
                ]
            ],
            "timesteps": [
                [
                    60,
                    61,
                    62,
                    63,
                    64,
                    65,
                    66,
                    67,
                    68,
                    69,
                    70,
                    71,
                    72,
                    73,
                    74,
                    75,
                    76,
                    77,
                    78,
                    79
                ]
            ],
            "labels": [
                [
                    2,
                    2,
                    2,
                    2,
                    2,
                    2,
                    2,
                    2,
                    2,
                    2,
                    2,
                    2,
                    2,
                    2,
                    2,
                    2,
                    2,
                    2,
                    2,
                    2
                ]
            ],
            "CPU Usage": 46.4,
            "RAM Usage": 57.0,
            "GPU Usage": 0.0,
            "VRAM Usage": 412.0,
            "Disk Read Speed (MB/s)": 190393.6298828125,
            "Disk Write Speed (MB/s)": 268468.0712890625
        },
        {
            "step": 1,
            "train_loss": 0.02867663837969303,
            "actions_pred1": [
                [
                    [
                        -0.07078245282173157,
                        -0.23834696412086487,
                        0.5271638631820679,
                        0.49422916769981384
                    ],
                    [
                        -0.1901925653219223,
                        -0.16614757478237152,
                        0.597809910774231,
                        0.43996113538742065
                    ],
                    [
                        -0.19154390692710876,
                        -0.21373507380485535,
                        0.6782694458961487,
                        0.4806678295135498
                    ],
                    [
                        -0.1935318410396576,
                        -0.21660873293876648,
                        0.8212350606918335,
                        0.4087906777858734
                    ],
                    [
                        -0.17171889543533325,
                        -0.08156807720661163,
                        0.863749623298645,
                        0.4434088468551636
                    ],
                    [
                        -0.09922996908426285,
                        -0.16462484002113342,
                        0.769957959651947,
                        0.5420773029327393
                    ],
                    [
                        -0.1938539743423462,
                        -0.195438951253891,
                        0.5630741119384766,
                        0.5242447853088379
                    ],
                    [
                        -0.10703366249799728,
                        -0.09440108388662338,
                        0.6273049116134644,
                        0.5565104484558105
                    ],
                    [
                        -0.12206894904375076,
                        -0.0801430493593216,
                        0.6357414126396179,
                        0.5468183755874634
                    ],
                    [
                        -0.2720925211906433,
                        -0.14917303621768951,
                        0.7521587014198303,
                        0.4657766819000244
                    ],
                    [
                        -0.25170421600341797,
                        -0.05875961482524872,
                        0.9610341787338257,
                        0.46153831481933594
                    ],
                    [
                        -0.26394936442375183,
                        -0.09010355174541473,
                        0.9205451607704163,
                        0.509269118309021
                    ],
                    [
                        -0.3403380811214447,
                        -0.2127821296453476,
                        0.9040098786354065,
                        0.46377021074295044
                    ],
                    [
                        -0.29079505801200867,
                        -0.14108428359031677,
                        0.9596467614173889,
                        0.43340837955474854
                    ],
                    [
                        -0.28002405166625977,
                        -0.14860422909259796,
                        0.9365528225898743,
                        0.44418665766716003
                    ],
                    [
                        -0.2619187533855438,
                        -0.13063327968120575,
                        0.8924459218978882,
                        0.4913961589336395
                    ],
                    [
                        -0.34525707364082336,
                        -0.17736876010894775,
                        0.8287896513938904,
                        0.5218703150749207
                    ],
                    [
                        -0.3861176371574402,
                        -0.0627678781747818,
                        0.8417794108390808,
                        0.5456132888793945
                    ],
                    [
                        -0.3176521062850952,
                        -0.07846421003341675,
                        0.8529289960861206,
                        0.5448440313339233
                    ],
                    [
                        -0.33421099185943604,
                        -0.06275786459445953,
                        0.8964741230010986,
                        0.5257319808006287
                    ]
                ]
            ],
            "actions_pred": [
                [
                    [
                        -0.07078245282173157,
                        -0.1901925653219223,
                        -0.19154390692710876,
                        -0.1935318410396576,
                        -0.17171889543533325,
                        -0.09922996908426285,
                        -0.1938539743423462,
                        -0.10703366249799728,
                        -0.12206894904375076,
                        -0.2720925211906433,
                        -0.25170421600341797,
                        -0.26394936442375183,
                        -0.3403380811214447,
                        -0.29079505801200867,
                        -0.28002405166625977,
                        -0.2619187533855438,
                        -0.34525707364082336,
                        -0.3861176371574402,
                        -0.3176521062850952,
                        -0.33421099185943604
                    ],
                    [
                        -0.23834696412086487,
                        -0.16614757478237152,
                        -0.21373507380485535,
                        -0.21660873293876648,
                        -0.08156807720661163,
                        -0.16462484002113342,
                        -0.195438951253891,
                        -0.09440108388662338,
                        -0.0801430493593216,
                        -0.14917303621768951,
                        -0.05875961482524872,
                        -0.09010355174541473,
                        -0.2127821296453476,
                        -0.14108428359031677,
                        -0.14860422909259796,
                        -0.13063327968120575,
                        -0.17736876010894775,
                        -0.0627678781747818,
                        -0.07846421003341675,
                        -0.06275786459445953
                    ],
                    [
                        0.5271638631820679,
                        0.597809910774231,
                        0.6782694458961487,
                        0.8212350606918335,
                        0.863749623298645,
                        0.769957959651947,
                        0.5630741119384766,
                        0.6273049116134644,
                        0.6357414126396179,
                        0.7521587014198303,
                        0.9610341787338257,
                        0.9205451607704163,
                        0.9040098786354065,
                        0.9596467614173889,
                        0.9365528225898743,
                        0.8924459218978882,
                        0.8287896513938904,
                        0.8417794108390808,
                        0.8529289960861206,
                        0.8964741230010986
                    ],
                    [
                        0.49422916769981384,
                        0.43996113538742065,
                        0.4806678295135498,
                        0.4087906777858734,
                        0.4434088468551636,
                        0.5420773029327393,
                        0.5242447853088379,
                        0.5565104484558105,
                        0.5468183755874634,
                        0.4657766819000244,
                        0.46153831481933594,
                        0.509269118309021,
                        0.46377021074295044,
                        0.43340837955474854,
                        0.44418665766716003,
                        0.4913961589336395,
                        0.5218703150749207,
                        0.5456132888793945,
                        0.5448440313339233,
                        0.5257319808006287
                    ]
                ]
            ],
            "states": [
                [
                    [
                        3105960.0,
                        0.00044856633758172393,
                        0.0002628508664201945,
                        907599.4375
                    ],
                    [
                        3777832.0,
                        0.00036993034882470965,
                        0.00026417680783197284,
                        946940.1875
                    ],
                    [
                        4115216.0,
                        0.00030784233240410686,
                        0.0002805523981805891,
                        868017.4375
                    ],
                    [
                        4368616.0,
                        0.0002607771893963218,
                        0.00026978878304362297,
                        839353.625
                    ],
                    [
                        5060760.0,
                        0.0002229743986390531,
                        0.00027627943200059235,
                        780951.6875
                    ],
                    [
                        5356152.0,
                        0.00019212921324651688,
                        0.00025924446526914835,
                        788666.125
                    ],
                    [
                        5373528.0,
                        0.00012254947796463966,
                        0.006524195894598961,
                        846197.875
                    ],
                    [
                        5111440.0,
                        0.00011254391574766487,
                        0.002146858023479581,
                        777919.5
                    ],
                    [
                        5496608.0,
                        0.00010397062578704208,
                        0.0023773028515279293,
                        803926.1875
                    ],
                    [
                        5341672.0,
                        9.645324462326244e-05,
                        0.0020079242531210184,
                        853121.5
                    ],
                    [
                        5344568.0,
                        9.003730519907549e-05,
                        0.0019139255164191127,
                        790495.3125
                    ],
                    [
                        5479232.0,
                        8.435636846115813e-05,
                        0.0013429223326966166,
                        807753.3125
                    ],
                    [
                        5356152.0,
                        7.934254972497001e-05,
                        0.0011628043139353395,
                        855534.6875
                    ],
                    [
                        5398144.0,
                        7.492363511119038e-05,
                        0.0009117702720686793,
                        841216.6875
                    ],
                    [
                        5729736.0,
                        7.084311073413119e-05,
                        0.000803604198154062,
                        821157.125
                    ],
                    [
                        5244656.0,
                        6.722798570990562e-05,
                        0.000699773314408958,
                        790182.875
                    ],
                    [
                        5503848.0,
                        6.403109728125855e-05,
                        0.0006680691731162369,
                        817074.375
                    ],
                    [
                        5367736.0,
                        6.109109381213784e-05,
                        0.0005246230284683406,
                        814748.3125
                    ],
                    [
                        5217144.0,
                        5.847758802701719e-05,
                        0.00046889804070815444,
                        836873.125
                    ],
                    [
                        5033248.0,
                        5.6151271564885974e-05,
                        0.00035997320082969964,
                        833663.1875
                    ]
                ]
            ],
            "actions": [
                [
                    [
                        0.75
                    ],
                    [
                        0.75
                    ],
                    [
                        0.75
                    ],
                    [
                        0.75
                    ],
                    [
                        0.75
                    ],
                    [
                        0.75
                    ],
                    [
                        0.75
                    ],
                    [
                        0.75
                    ],
                    [
                        0.75
                    ],
                    [
                        0.75
                    ],
                    [
                        0.75
                    ],
                    [
                        0.75
                    ],
                    [
                        0.75
                    ],
                    [
                        0.75
                    ],
                    [
                        0.75
                    ],
                    [
                        0.75
                    ],
                    [
                        0.75
                    ],
                    [
                        0.75
                    ],
                    [
                        0.75
                    ],
                    [
                        0.75
                    ]
                ]
            ],
            "returns": [
                [
                    [
                        0.37910521030426025
                    ],
                    [
                        0.378219872713089
                    ],
                    [
                        0.3773171603679657
                    ],
                    [
                        0.37640687823295593
                    ],
                    [
                        0.37549129128456116
                    ],
                    [
                        0.37456268072128296
                    ],
                    [
                        0.37362903356552124
                    ],
                    [
                        0.37269508838653564
                    ],
                    [
                        0.3717655837535858
                    ],
                    [
                        0.37082964181900024
                    ],
                    [
                        0.3698962330818176
                    ],
                    [
                        0.36896276473999023
                    ],
                    [
                        0.36802709102630615
                    ],
                    [
                        0.36709344387054443
                    ],
                    [
                        0.3661591112613678
                    ],
                    [
                        0.36521947383880615
                    ],
                    [
                        0.36428767442703247
                    ],
                    [
                        0.36335161328315735
                    ],
                    [
                        0.3624177873134613
                    ],
                    [
                        0.3614864647388458
                    ]
                ]
            ],
            "timesteps": [
                [
                    220,
                    221,
                    222,
                    223,
                    224,
                    225,
                    226,
                    227,
                    228,
                    229,
                    230,
                    231,
                    232,
                    233,
                    234,
                    235,
                    236,
                    237,
                    238,
                    239
                ]
            ],
            "labels": [
                [
                    2,
                    2,
                    2,
                    2,
                    2,
                    2,
                    2,
                    2,
                    2,
                    2,
                    2,
                    2,
                    2,
                    2,
                    2,
                    2,
                    2,
                    2,
                    2,
                    2
                ]
            ],
            "CPU Usage": 49.7,
            "RAM Usage": 57.8,
            "GPU Usage": 0.0,
            "VRAM Usage": 411.0,
            "Disk Read Speed (MB/s)": 190393.6298828125,
            "Disk Write Speed (MB/s)": 268469.8251953125
        },
        {
            "step": 2,
            "train_loss": 0.05829335376620293,
            "actions_pred1": [
                [
                    [
                        -0.2482093870639801,
                        -0.027195394039154053,
                        0.37563395500183105,
                        1.6492786407470703
                    ],
                    [
                        -0.11294759809970856,
                        0.041148751974105835,
                        0.11893530189990997,
                        1.6509109735488892
                    ],
                    [
                        -0.24961218237876892,
                        0.10045477747917175,
                        0.21523471176624298,
                        1.3281047344207764
                    ],
                    [
                        -0.33416038751602173,
                        0.1113424003124237,
                        0.2634289562702179,
                        1.2692246437072754
                    ],
                    [
                        -0.34577298164367676,
                        0.19195595383644104,
                        0.30789947509765625,
                        1.2474596500396729
                    ],
                    [
                        -0.32316476106643677,
                        0.20275774598121643,
                        0.41528579592704773,
                        1.128140926361084
                    ],
                    [
                        -0.3407062292098999,
                        0.23323434591293335,
                        0.42653486132621765,
                        1.134233832359314
                    ],
                    [
                        -0.28729212284088135,
                        -0.1400182694196701,
                        0.43177899718284607,
                        1.097146987915039
                    ],
                    [
                        -0.21816705167293549,
                        -0.12131249904632568,
                        0.45192819833755493,
                        1.1103014945983887
                    ],
                    [
                        -0.32456302642822266,
                        -0.049321532249450684,
                        0.5610179901123047,
                        1.0135082006454468
                    ],
                    [
                        -0.41392314434051514,
                        -0.011004582047462463,
                        0.5023669600486755,
                        1.0269883871078491
                    ],
                    [
                        -0.4444729685783386,
                        0.03189775347709656,
                        0.3852948546409607,
                        1.1598016023635864
                    ],
                    [
                        -0.5016669034957886,
                        -0.03796906769275665,
                        0.3653976619243622,
                        1.1003340482711792
                    ],
                    [
                        -0.4371834993362427,
                        -0.059030354022979736,
                        0.44448426365852356,
                        1.1663058996200562
                    ],
                    [
                        -0.4978184401988983,
                        -0.16419614851474762,
                        0.4127494692802429,
                        1.1034979820251465
                    ],
                    [
                        -0.3797343075275421,
                        -0.016949936747550964,
                        0.3993409276008606,
                        1.1143088340759277
                    ],
                    [
                        -0.5403896570205688,
                        -0.10587088763713837,
                        0.44248706102371216,
                        1.1134910583496094
                    ],
                    [
                        -0.5911518931388855,
                        -0.1367868036031723,
                        0.44172558188438416,
                        1.1181532144546509
                    ],
                    [
                        -0.534541666507721,
                        -0.06621626019477844,
                        0.5025108456611633,
                        0.836090624332428
                    ],
                    [
                        -0.3462129831314087,
                        -0.008796483278274536,
                        0.5972113609313965,
                        0.986663281917572
                    ]
                ]
            ],
            "actions_pred": [
                [
                    [
                        -0.2482093870639801,
                        -0.11294759809970856,
                        -0.24961218237876892,
                        -0.33416038751602173,
                        -0.34577298164367676,
                        -0.32316476106643677,
