{
    "steps": [
        {
            "step": 0,
            "train_loss": 0.03154006600379944,
            "actions_pred1": [
                [
                    [
                        0.13732481002807617,
                        -0.054119765758514404,
                        0.5136318206787109,
                        0.24549615383148193
                    ],
                    [
                        -0.1399315446615219,
                        0.25742262601852417,
                        0.6860243082046509,
                        0.11531902849674225
                    ],
                    [
                        -0.07537335902452469,
                        0.12146510183811188,
                        0.7133957743644714,
                        0.3805941045284271
                    ],
                    [
                        0.015862002968788147,
                        -0.20095419883728027,
                        0.45041438937187195,
                        0.19101780652999878
                    ],
                    [
                        -0.1162756085395813,
                        -0.010581329464912415,
                        0.40716633200645447,
                        0.3622405529022217
                    ],
                    [
                        -0.1611465960741043,
                        0.1448344588279724,
                        0.5879330635070801,
                        0.2872200608253479
                    ],
                    [
                        -0.13805361092090607,
                        0.12653574347496033,
                        0.5826520323753357,
                        0.296472430229187
                    ],
                    [
                        -0.3179367184638977,
                        0.12775854766368866,
                        0.5064683556556702,
                        0.4503887891769409
                    ],
                    [
                        -0.4727524220943451,
                        0.09560462087392807,
                        0.5995178818702698,
                        0.4163891077041626
                    ],
                    [
                        -0.4958261549472809,
                        0.026916805654764175,
                        0.6273993253707886,
                        0.3783152997493744
                    ],
                    [
                        -0.42896780371665955,
                        0.11237948387861252,
                        0.5273542404174805,
                        0.3773907423019409
                    ],
                    [
                        -0.5148934721946716,
                        0.09722667187452316,
                        0.5422059297561646,
                        0.31028103828430176
                    ],
                    [
                        -0.6787564158439636,
                        -0.004610750824213028,
                        0.7440627217292786,
                        0.19283173978328705
                    ],
                    [
                        -0.41696590185165405,
                        0.0027349144220352173,
                        0.7800523638725281,
                        0.307233989238739
                    ],
                    [
                        -0.3808191418647766,
                        -0.037348657846450806,
                        0.6368668079376221,
                        0.2706132233142853
                    ],
                    [
                        -0.5302558541297913,
                        -0.03166995570063591,
                        0.6204052567481995,
                        0.25370562076568604
                    ],
                    [
                        -0.43389591574668884,
                        0.12687093019485474,
                        0.6988065242767334,
                        0.36340993642807007
                    ],
                    [
                        -0.42753541469573975,
                        0.12560510635375977,
                        0.7141430974006653,
                        0.342739999294281
                    ],
                    [
                        -0.4301667809486389,
                        0.14465636014938354,
                        0.5962404608726501,
                        0.41913750767707825
                    ],
                    [
                        -0.34159985184669495,
                        0.17691463232040405,
                        0.6336230635643005,
                        0.43080204725265503
                    ]
                ]
            ],
            "actions_pred": [
                [
                    [
                        0.13732481002807617,
                        -0.1399315446615219,
                        -0.07537335902452469,
                        0.015862002968788147,
                        -0.1162756085395813,
                        -0.1611465960741043,
                        -0.13805361092090607,
                        -0.3179367184638977,
                        -0.4727524220943451,
                        -0.4958261549472809,
                        -0.42896780371665955,
                        -0.5148934721946716,
                        -0.6787564158439636,
                        -0.41696590185165405,
                        -0.3808191418647766,
                        -0.5302558541297913,
                        -0.43389591574668884,
                        -0.42753541469573975,
                        -0.4301667809486389,
                        -0.34159985184669495
                    ],
                    [
                        -0.054119765758514404,
                        0.25742262601852417,
                        0.12146510183811188,
                        -0.20095419883728027,
                        -0.010581329464912415,
                        0.1448344588279724,
                        0.12653574347496033,
                        0.12775854766368866,
                        0.09560462087392807,
                        0.026916805654764175,
                        0.11237948387861252,
                        0.09722667187452316,
                        -0.004610750824213028,
                        0.0027349144220352173,
                        -0.037348657846450806,
                        -0.03166995570063591,
                        0.12687093019485474,
                        0.12560510635375977,
                        0.14465636014938354,
                        0.17691463232040405
                    ],
                    [
                        0.5136318206787109,
                        0.6860243082046509,
                        0.7133957743644714,
                        0.45041438937187195,
                        0.40716633200645447,
                        0.5879330635070801,
                        0.5826520323753357,
                        0.5064683556556702,
                        0.5995178818702698,
                        0.6273993253707886,
                        0.5273542404174805,
                        0.5422059297561646,
                        0.7440627217292786,
                        0.7800523638725281,
                        0.6368668079376221,
                        0.6204052567481995,
                        0.6988065242767334,
                        0.7141430974006653,
                        0.5962404608726501,
                        0.6336230635643005
                    ],
                    [
                        0.24549615383148193,
                        0.11531902849674225,
                        0.3805941045284271,
                        0.19101780652999878,
                        0.3622405529022217,
                        0.2872200608253479,
                        0.296472430229187,
                        0.4503887891769409,
                        0.4163891077041626,
                        0.3783152997493744,
                        0.3773907423019409,
                        0.31028103828430176,
                        0.19283173978328705,
                        0.307233989238739,
                        0.2706132233142853,
                        0.25370562076568604,
                        0.36340993642807007,
                        0.342739999294281,
                        0.41913750767707825,
                        0.43080204725265503
                    ]
                ]
            ],
            "states": [
                [
                    [
                        5057864.0,
                        2.556295476097148e-05,
                        0.00012937834253534675,
                        777561.25
                    ],
                    [
                        5348912.0,
                        2.480310831742827e-05,
                        0.00013201982073951513,
                        791966.9375
                    ],
                    [
                        5101304.0,
                        2.4083872631308623e-05,
                        0.00013791865785606205,
                        790369.0625
                    ],
                    [
                        5538600.0,
                        2.3393640731228516e-05,
                        0.00014453318726737052,
                        780343.4375
                    ],
                    [
                        5412624.0,
                        2.272302663186565e-05,
                        0.00014699026360176504,
                        758450.9375
                    ],
                    [
                        5321400.0,
                        2.2102101866039447e-05,
                        0.00016071676509454846,
                        845866.875
                    ],
                    [
                        5683400.0,
                        2.1499938156921417e-05,
                        0.00016249381587840617,
                        821531.0
                    ],
                    [
                        5282304.0,
                        2.0931340259267017e-05,
                        0.0001488575799157843,
                        840709.875
                    ],
                    [
                        5545840.0,
                        2.0398911146912724e-05,
                        0.00016087492986116558,
                        823198.9375
                    ],
                    [
                        5474888.0,
                        1.9883997083525173e-05,
                        0.00016716374375391752,
                        838579.125
                    ],
                    [
                        5364840.0,
                        1.9402330508455634e-05,
                        0.00019032474665436894,
                        800380.6875
                    ],
                    [
                        5569008.0,
                        1.8939608708024025e-05,
                        0.00018542619363870472,
                        823891.875
                    ],
                    [
                        5332984.0,
                        1.849955879151821e-05,
                        0.000198170033399947,
                        846311.4375
                    ],
                    [
                        5224384.0,
                        1.8092512618750334e-05,
                        0.0001916241308208555,
                        900435.5625
                    ],
                    [
                        5133160.0,
                        1.771021015883889e-05,
                        0.0002063407882815227,
                        866428.5625
                    ],
                    [
                        5361944.0,
                        1.733909812173806e-05,
                        0.00023895764024928212,
                        862112.4375
                    ],
                    [
                        5535704.0,
                        1.6969803255051374e-05,
                        0.00025051896227523685,
                        868913.125
                    ],
                    [
                        5189632.0,
                        1.662127579038497e-05,
                        0.0002676467993296683,
                        810234.1875
                    ],
                    [
                        5453168.0,
                        1.6289424820570275e-05,
                        0.0002700872428249568,
                        842694.5
                    ],
                    [
                        5334432.0,
                        1.5966239516274072e-05,
                        0.0002660537720657885,
                        825795.9375
                    ]
                ]
            ],
            "actions": [
                [
                    [
                        0.75
                    ],
                    [
                        0.75
                    ],
                    [
                        0.75
                    ],
                    [
                        0.75
                    ],
                    [
                        0.75
                    ],
                    [
                        0.75
                    ],
                    [
                        0.75
                    ],
                    [
                        0.75
                    ],
                    [
                        0.75
                    ],
                    [
                        0.75
                    ],
                    [
                        0.75
                    ],
                    [
                        0.75
                    ],
                    [
                        0.75
                    ],
                    [
                        0.75
                    ],
                    [
                        0.75
                    ],
                    [
                        0.75
                    ],
                    [
                        0.75
                    ],
                    [
                        0.75
                    ],
                    [
                        0.75
                    ],
                    [
                        0.75
                    ]
                ]
            ],
            "returns": [
                [
                    [
                        0.5615583062171936
                    ],
                    [
                        0.5606297850608826
                    ],
                    [
                        0.5596962571144104
                    ],
                    [
                        0.5587669014930725
                    ],
                    [
                        0.557830274105072
                    ],
                    [
                        0.5568956732749939
                    ],
                    [
                        0.5559626221656799
                    ],
                    [
                        0.555023729801178
                    ],
                    [
                        0.5540912747383118
                    ],
                    [
                        0.5531545877456665
                    ],
                    [
                        0.5522189736366272
                    ],
                    [
                        0.5512851476669312
                    ],
                    [
                        0.5503480434417725
                    ],
                    [
                        0.5494148135185242
                    ],
                    [
                        0.5484833717346191
                    ],
                    [
                        0.5475534796714783
                    ],
                    [
                        0.546619713306427
                    ],
                    [
                        0.5456831455230713
                    ],
                    [
                        0.544752299785614
                    ],
                    [
                        0.5438170433044434
                    ]
                ]
            ],
            "timesteps": [
                [
                    20,
                    21,
                    22,
                    23,
                    24,
                    25,
                    26,
                    27,
                    28,
                    29,
                    30,
                    31,
                    32,
                    33,
                    34,
                    35,
                    36,
                    37,
                    38,
                    39
                ]
            ],
            "labels": [
                [
                    2,
                    2,
                    2,
                    2,
                    2,
                    2,
                    2,
                    2,
                    2,
                    2,
                    2,
                    2,
                    2,
                    2,
                    2,
                    2,
                    2,
                    2,
                    2,
                    2
                ]
            ],
            "CPU Usage": 50.6,
            "RAM Usage": 60.7,
            "GPU Usage": 13.0,
            "VRAM Usage": 486.0,
            "Disk Read Speed (MB/s)": 191410.5625,
            "Disk Write Speed (MB/s)": 293549.0830078125
        },
        {
            "step": 1,
            "train_loss": 0.033083900809288025,
            "actions_pred1": [
                [
                    [
                        0.23536621034145355,
                        -0.11996480822563171,
                        0.3461146056652069,
                        0.5813913345336914
                    ],
                    [
                        0.1580491065979004,
                        0.06457923352718353,
                        0.4053760766983032,
                        0.6299943923950195
                    ],
                    [
                        0.19018107652664185,
                        0.13439129292964935,
                        0.39234459400177,
                        0.4750388264656067
                    ],
                    [
                        0.1539449840784073,
                        0.07447407394647598,
                        0.2819889783859253,
                        0.43949759006500244
                    ],
                    [
                        -0.08422450721263885,
                        0.295261025428772,
                        0.5013093948364258,
                        0.30549368262290955
                    ],
                    [
                        -0.20563632249832153,
                        0.09810509532690048,
                        0.5452874302864075,
                        0.3327384889125824
                    ],
                    [
                        -0.05760966241359711,
                        0.13595935702323914,
                        0.5929279923439026,
                        0.4516438841819763
                    ],
                    [
                        0.13225406408309937,
                        -0.16712772846221924,
                        0.660983145236969,
                        0.3641897439956665
                    ],
                    [
                        -0.06570763140916824,
                        -0.04148250073194504,
                        0.8173556327819824,
                        0.3465197682380676
                    ],
                    [
                        -0.1433473825454712,
                        0.025002218782901764,
                        0.7578517198562622,
                        0.36925041675567627
                    ],
                    [
                        -0.02852163463830948,
                        -0.05278322845697403,
                        0.6539579033851624,
                        0.3389279842376709
                    ],
                    [
                        0.04735910892486572,
                        0.034993138164281845,
                        0.7150157690048218,
                        0.411247193813324
                    ],
                    [
                        -0.008705101907253265,
                        0.00399317592382431,
                        0.6893993616104126,
                        0.34649479389190674
                    ],
                    [
                        -0.10014897584915161,
                        -0.11467885971069336,
                        0.7443807721138,
                        0.3067093789577484
                    ],
                    [
                        -0.15507330000400543,
                        -0.05785052850842476,
                        0.7071919441223145,
                        0.39094477891921997
                    ],
                    [
                        -0.20348823070526123,
                        -0.03759653866291046,
                        0.6471986770629883,
                        0.521485447883606
                    ],
                    [
                        -0.11384090036153793,
                        -0.024058394134044647,
                        0.7183715105056763,
                        0.5444027781486511
                    ],
                    [
                        -0.06231667846441269,
                        -0.0032919198274612427,
                        0.7884119749069214,
                        0.5661130547523499
                    ],
                    [
                        0.0004445686936378479,
                        0.06146404147148132,
                        0.9974229335784912,
                        0.43074333667755127
                    ],
                    [
                        -0.022553615272045135,
                        0.0026657432317733765,
                        0.8674434423446655,
                        0.3926573395729065
                    ]
                ]
            ],
            "actions_pred": [
                [
                    [
                        0.23536621034145355,
                        0.1580491065979004,
                        0.19018107652664185,
                        0.1539449840784073,
                        -0.08422450721263885,
                        -0.20563632249832153,
                        -0.05760966241359711,
                        0.13225406408309937,
                        -0.06570763140916824,
                        -0.1433473825454712,
                        -0.02852163463830948,
                        0.04735910892486572,
                        -0.008705101907253265,
                        -0.10014897584915161,
                        -0.15507330000400543,
                        -0.20348823070526123,
                        -0.11384090036153793,
                        -0.06231667846441269,
                        0.0004445686936378479,
                        -0.022553615272045135
                    ],
                    [
                        -0.11996480822563171,
                        0.06457923352718353,
                        0.13439129292964935,
                        0.07447407394647598,
                        0.295261025428772,
                        0.09810509532690048,
                        0.13595935702323914,
                        -0.16712772846221924,
                        -0.04148250073194504,
                        0.025002218782901764,
                        -0.05278322845697403,
                        0.034993138164281845,
                        0.00399317592382431,
                        -0.11467885971069336,
                        -0.05785052850842476,
                        -0.03759653866291046,
                        -0.024058394134044647,
                        -0.0032919198274612427,
                        0.06146404147148132,
                        0.0026657432317733765
                    ],
                    [
                        0.3461146056652069,
                        0.4053760766983032,
                        0.39234459400177,
                        0.2819889783859253,
                        0.5013093948364258,
                        0.5452874302864075,
                        0.5929279923439026,
                        0.660983145236969,
                        0.8173556327819824,
                        0.7578517198562622,
                        0.6539579033851624,
                        0.7150157690048218,
                        0.6893993616104126,
                        0.7443807721138,
                        0.7071919441223145,
                        0.6471986770629883,
                        0.7183715105056763,
                        0.7884119749069214,
                        0.9974229335784912,
                        0.8674434423446655
                    ],
                    [
                        0.5813913345336914,
                        0.6299943923950195,
                        0.4750388264656067,
                        0.43949759006500244,
                        0.30549368262290955,
                        0.3327384889125824,
                        0.4516438841819763,
                        0.3641897439956665,
                        0.3465197682380676,
                        0.36925041675567627,
                        0.3389279842376709,
                        0.411247193813324,
                        0.34649479389190674,
                        0.3067093789577484,
                        0.39094477891921997,
                        0.521485447883606,
                        0.5444027781486511,
                        0.5661130547523499,
                        0.43074333667755127,
                        0.3926573395729065
                    ]
                ]
            ],
            "states": [
                [
                    [
                        5325744.0,
                        3.011092121596448e-05,
                        0.00027277067420072854,
                        851925.625
                    ],
                    [
                        5357600.0,
                        2.9456161428242922e-05,
                        0.00027305487310513854,
                        832487.0625
                    ],
                    [
                        5618240.0,
                        2.881258842535317e-05,
                        0.0002689558023121208,
                        866650.0
                    ],
                    [
                        5764488.0,
                        2.8174086764920503e-05,
                        0.0002797737834043801,
                        885137.0
                    ],
                    [
                        5370632.0,
                        2.7576063075684942e-05,
                        0.00025503398501314223,
                        827897.4375
                    ],
                    [
                        5432896.0,
                        2.7019848857889883e-05,
                        0.00027816780493594706,
                        880666.4375
                    ],
                    [
                        5364840.0,
                        2.6485795387998223e-05,
                        0.00026209698989987373,
                        834819.0
                    ],
                    [
                        5233072.0,
                        2.598174069134984e-05,
                        0.0002851165772881359,
                        880287.1875
                    ],
                    [
                        5114336.0,
                        2.5507837563054636e-05,
                        0.000267517170868814,
                        884475.5
                    ],
                    [
                        5458960.0,
                        2.504124859115109e-05,
                        0.00027258697082288563,
                        833080.1875
                    ],
                    [
                        5170808.0,
                        2.4588902306277305e-05,
                        0.00027191461413167417,
                        830618.8125
                    ],
                    [
                        5131712.0,
                        2.416586175968405e-05,
                        0.00027577357832342386,
                        795031.0
                    ],
                    [
                        5137504.0,
                        2.3758442694088444e-05,
                        0.00027702987426891923,
                        830415.5625
                    ],
                    [
                        5460408.0,
                        2.3352160496870056e-05,
                        0.0002779100905172527,
                        812805.0
                    ],
                    [
                        5332984.0,
                        2.2952330255066045e-05,
                        0.00026160795823670924,
                        784998.0
                    ],
                    [
                        5464752.0,
                        2.256591324112378e-05,
                        0.0002753763983491808,
                        843504.25
                    ],
                    [
                        5461856.0,
                        2.2187881768331863e-05,
                        0.0002731475979089737,
                        901654.0625
                    ],
                    [
                        5571904.0,
                        2.181875788664911e-05,
                        0.0002628508664201945,
                        880942.125
                    ],
                    [
                        5370632.0,
                        2.146460974472575e-05,
                        0.00026417680783197284,
                        856475.0625
                    ],
                    [
                        5508192.0,
                        2.1123838450876065e-05,
                        0.0002805523981805891,
                        865747.5
                    ]
                ]
            ],
            "actions": [
                [
                    [
                        0.75
                    ],
                    [
                        0.75
                    ],
                    [
                        0.75
                    ],
                    [
                        0.75
                    ],
                    [
                        0.75
                    ],
                    [
                        0.75
                    ],
                    [
                        0.75
                    ],
                    [
                        0.75
                    ],
                    [
                        0.75
                    ],
                    [
                        0.75
                    ],
                    [
                        0.75
                    ],
                    [
                        0.75
                    ],
                    [
                        0.75
                    ],
                    [
                        0.75
                    ],
                    [
                        0.75
                    ],
                    [
                        0.75
                    ],
                    [
                        0.75
                    ],
                    [
                        0.75
                    ],
                    [
                        0.75
                    ],
                    [
                        0.75
                    ]
                ]
            ],
            "returns": [
                [
                    [
                        0.34190085530281067
                    ],
                    [
                        0.34096771478652954
                    ],
                    [
                        0.34003403782844543
                    ],
                    [
                        0.3390961289405823
                    ],
                    [
                        0.33815598487854004
                    ],
                    [
                        0.33722206950187683
                    ],
                    [
                        0.33628717064857483
                    ],
                    [
                        0.33535337448120117
                    ],
                    [
                        0.3344217836856842
                    ],
                    [
                        0.3334922194480896
                    ],
                    [
                        0.33255690336227417
                    ],
                    [
                        0.33162635564804077
                    ],
                    [
                        0.3306964933872223
                    ],
                    [
                        0.32976654171943665
                    ],
                    [
                        0.32883119583129883
                    ],
                    [
                        0.32789793610572815
                    ],
                    [
                        0.32696250081062317
                    ],
                    [
                        0.3260270953178406
                    ],
                    [
                        0.3250899612903595
                    ],
                    [
                        0.3241560757160187
                    ]
                ]
            ],
            "timesteps": [
                [
                    260,
                    261,
                    262,
                    263,
                    264,
                    265,
                    266,
                    267,
                    268,
                    269,
                    270,
                    271,
                    272,
                    273,
                    274,
                    275,
                    276,
                    277,
                    278,
                    279
                ]
            ],
            "labels": [
                [
                    2,
                    2,
                    2,
                    2,
                    2,
                    2,
                    2,
                    2,
                    2,
                    2,
                    2,
                    2,
                    2,
                    2,
                    2,
                    2,
                    2,
                    2,
                    2,
                    2
                ]
            ],
            "CPU Usage": 48.9,
            "RAM Usage": 61.1,
            "GPU Usage": 15.0,
            "VRAM Usage": 486.0,
            "Disk Read Speed (MB/s)": 191410.5625,
            "Disk Write Speed (MB/s)": 293549.1572265625
        },
        {
            "step": 2,
            "train_loss": 0.05389835685491562,
            "actions_pred1": [
                [
                    [
                        0.343244343996048,
                        0.10004593431949615,
                        0.9200232625007629,
                        0.3206101357936859
                    ],
                    [
                        0.2462145984172821,
                        0.04820636287331581,
                        0.6638659834861755,
                        0.62887042760849
                    ],
                    [
                        0.21244284510612488,
                        0.13822847604751587,
                        0.539385199546814,
                        0.6168538331985474
                    ],
                    [
                        0.1433844268321991,
                        0.1142636239528656,
                        0.5783504843711853,
                        0.4910128712654114
                    ],
                    [
                        0.11515522003173828,
                        0.08068472892045975,
                        0.6208853125572205,
                        0.14159703254699707
                    ],
                    [
                        0.028617896139621735,
                        0.07942857593297958,
                        0.6643329858779907,
                        0.20415668189525604
                    ],
                    [
                        -0.058018215000629425,
                        0.01063709706068039,
                        0.7048982977867126,
                        0.16233187913894653
                    ],
                    [
                        -0.038046978414058685,
                        0.06167653203010559,
                        0.6376965045928955,
                        0.13965879380702972
                    ],
                    [
                        -0.03671810030937195,
                        0.11660047620534897,
                        0.6824939846992493,
                        0.020304962992668152
                    ],
                    [
                        -0.06765841692686081,
                        0.256856232881546,
                        0.6465948224067688,
                        0.17158794403076172
                    ],
                    [
                        -0.17950528860092163,
                        0.01534561812877655,
                        0.6778277158737183,
                        0.18827658891677856
                    ],
                    [
                        -0.16962996125221252,
                        -0.04395821690559387,
                        0.6728454232215881,
                        0.08785015344619751
                    ],
                    [
                        -0.09158702194690704,
                        0.13332100212574005,
                        0.9366584420204163,
                        0.15930013358592987
                    ],
                    [
                        -0.09464962035417557,
                        0.08589824289083481,
                        0.818151593208313,
                        0.21736381947994232
                    ],
                    [
                        -0.16341307759284973,
                        0.08966505527496338,
                        0.7949523329734802,
                        0.14813849329948425
                    ],
                    [
                        -0.16746115684509277,
                        -0.14100605249404907,
                        0.995756208896637,
                        0.21442186832427979
                    ],
                    [
                        -0.22511319816112518,
                        -0.12854120135307312,
                        1.058335304260254,
                        0.10631102323532104
                    ],
                    [
                        -0.1723366379737854,
                        0.0322505459189415,
                        0.8903668522834778,
                        0.1712397336959839
                    ],
                    [
                        -0.10892750322818756,
                        0.007513783872127533,
                        0.8287783265113831,
                        0.1162823736667633
                    ],
                    [
                        -0.1007331907749176,
                        0.12803900241851807,
                        0.7238938212394714,
                        0.17351414263248444
                    ]
                ]
            ],
            "actions_pred": [
                [
                    [
                        0.343244343996048,
                        0.2462145984172821,
                        0.21244284510612488,
                        0.1433844268321991,
                        0.11515522003173828,
                        0.028617896139621735,
                        -0.058018215000629425,
