{
    "steps": [
        {
            "step": 0,
            "train_loss": 0.05591664835810661,
            "actions_pred1": [
                [
                    [
                        -0.195290207862854,
                        -0.18481990694999695,
                        0.6698884963989258,
                        0.64467453956604
                    ],
                    [
                        -0.22873452305793762,
                        -0.05425681918859482,
                        0.7502670884132385,
                        0.7480612993240356
                    ],
                    [
                        -0.17824935913085938,
                        -0.06429003179073334,
                        0.8372822999954224,
                        0.6192072629928589
                    ],
                    [
                        -0.19644924998283386,
                        -0.12856459617614746,
                        0.8809706568717957,
                        0.5575263500213623
                    ],
                    [
                        -0.21871675550937653,
                        -0.08026817440986633,
                        0.9548755884170532,
                        0.5508586764335632
                    ],
                    [
                        -0.3751623034477234,
                        -0.10299767553806305,
                        0.7366688847541809,
                        0.4137493669986725
                    ],
                    [
                        -0.2560387849807739,
                        -0.1350652426481247,
                        0.7804046273231506,
                        0.4250936508178711
                    ],
                    [
                        -0.26343539357185364,
                        -0.1559520661830902,
                        0.7352042198181152,
                        0.4852813482284546
                    ],
                    [
                        -0.22039702534675598,
                        -0.11245311796665192,
                        0.628678023815155,
                        0.4573739767074585
                    ],
                    [
                        -0.29582294821739197,
                        -0.16370761394500732,
                        0.6883335113525391,
                        0.45975935459136963
                    ],
                    [
                        -0.22002556920051575,
                        -0.06818944960832596,
                        0.7004693150520325,
                        0.4323585033416748
                    ],
                    [
                        -0.1938960999250412,
                        -0.061111658811569214,
                        0.6847327351570129,
                        0.40633875131607056
                    ],
                    [
                        -0.2478504180908203,
                        -0.08994802832603455,
                        0.6470109820365906,
                        0.4306948482990265
                    ],
                    [
                        -0.2656267583370209,
                        -0.048194944858551025,
                        0.7081752419471741,
                        0.4229617416858673
                    ],
                    [
                        -0.16332194209098816,
                        -0.12442997843027115,
                        0.8194061517715454,
                        0.48073434829711914
                    ],
                    [
                        -0.2561185657978058,
                        -0.06625328958034515,
                        0.7435507774353027,
                        0.4763689339160919
                    ],
                    [
                        -0.3543283939361572,
                        -0.001934334635734558,
                        0.7744162678718567,
                        0.45709431171417236
                    ],
                    [
                        -0.28306257724761963,
                        -0.038409337401390076,
                        0.8672125935554504,
                        0.5083984136581421
                    ],
                    [
                        -0.22552841901779175,
                        -0.04473361372947693,
                        0.8407236337661743,
                        0.45741429924964905
                    ],
                    [
                        -0.33213895559310913,
                        -0.026919811964035034,
                        0.8326045870780945,
                        0.34293708205223083
                    ]
                ]
            ],
            "actions_pred": [
                [
                    [
                        -0.195290207862854,
                        -0.22873452305793762,
                        -0.17824935913085938,
                        -0.19644924998283386,
                        -0.21871675550937653,
                        -0.3751623034477234,
                        -0.2560387849807739,
                        -0.26343539357185364,
                        -0.22039702534675598,
                        -0.29582294821739197,
                        -0.22002556920051575,
                        -0.1938960999250412,
                        -0.2478504180908203,
                        -0.2656267583370209,
                        -0.16332194209098816,
                        -0.2561185657978058,
                        -0.3543283939361572,
                        -0.28306257724761963,
                        -0.22552841901779175,
                        -0.33213895559310913
                    ],
                    [
                        -0.18481990694999695,
                        -0.05425681918859482,
                        -0.06429003179073334,
                        -0.12856459617614746,
                        -0.08026817440986633,
                        -0.10299767553806305,
                        -0.1350652426481247,
                        -0.1559520661830902,
                        -0.11245311796665192,
                        -0.16370761394500732,
                        -0.06818944960832596,
                        -0.061111658811569214,
                        -0.08994802832603455,
                        -0.048194944858551025,
                        -0.12442997843027115,
                        -0.06625328958034515,
                        -0.001934334635734558,
                        -0.038409337401390076,
                        -0.04473361372947693,
                        -0.026919811964035034
                    ],
                    [
                        0.6698884963989258,
                        0.7502670884132385,
                        0.8372822999954224,
                        0.8809706568717957,
                        0.9548755884170532,
                        0.7366688847541809,
                        0.7804046273231506,
                        0.7352042198181152,
                        0.628678023815155,
                        0.6883335113525391,
                        0.7004693150520325,
                        0.6847327351570129,
                        0.6470109820365906,
                        0.7081752419471741,
                        0.8194061517715454,
                        0.7435507774353027,
                        0.7744162678718567,
                        0.8672125935554504,
                        0.8407236337661743,
                        0.8326045870780945
                    ],
                    [
                        0.64467453956604,
                        0.7480612993240356,
                        0.6192072629928589,
                        0.5575263500213623,
                        0.5508586764335632,
                        0.4137493669986725,
                        0.4250936508178711,
                        0.4852813482284546,
                        0.4573739767074585,
                        0.45975935459136963,
                        0.4323585033416748,
                        0.40633875131607056,
                        0.4306948482990265,
                        0.4229617416858673,
                        0.48073434829711914,
                        0.4763689339160919,
                        0.45709431171417236,
                        0.5083984136581421,
                        0.45741429924964905,
                        0.34293708205223083
                    ]
                ]
            ],
            "states": [
                [
                    [
                        3453480.0,
                        1.1675143468892202e-05,
                        0.00029440681100822985,
                        672821.0625
                    ],
                    [
                        4107976.0,
                        1.1557735888345633e-05,
                        0.00028164629475213587,
                        683579.125
                    ],
                    [
                        4089152.0,
                        1.1433058716647793e-05,
                        0.00027785348356701434,
                        696568.625
                    ],
                    [
                        3556288.0,
                        1.131914814322954e-05,
                        0.00038381022750400007,
                        634586.1875
                    ],
                    [
                        2583232.0,
                        1.1229288247704972e-05,
                        0.0002961547579616308,
                        661987.4375
                    ],
                    [
                        1912808.0,
                        1.1164392162754666e-05,
                        0.00029962105327285826,
                        693806.25
                    ],
                    [
                        2088016.0,
                        1.1107291356893256e-05,
                        0.00029777659801766276,
                        580816.75
                    ],
                    [
                        2896000.0,
                        1.103698832594091e-05,
                        0.0002728095860220492,
                        525629.9375
                    ],
                    [
                        2564408.0,
                        1.0960944564430974e-05,
                        0.0002930021146312356,
                        619511.5625
                    ],
                    [
                        3921184.0,
                        1.087203600036446e-05,
                        0.0005929499748162925,
                        538834.625
                    ],
                    [
                        2794640.0,
                        1.0781384844449349e-05,
                        0.00017766767996363342,
                        677916.4375
                    ],
                    [
                        4726272.0,
                        1.0681769708753563e-05,
                        0.00018339134112466127,
                        599563.375
                    ],
                    [
                        4927544.0,
                        1.0556481356616132e-05,
                        0.00019205290300305933,
                        583179.3125
                    ],
                    [
                        5944040.0,
                        1.0418904821563046e-05,
                        0.0002024973655352369,
                        603427.0
                    ],
                    [
                        5063656.0,
                        1.0283110896125436e-05,
                        0.0002613598189782351,
                        607061.125
                    ],
                    [
                        5221488.0,
                        1.015944144455716e-05,
                        0.00023075626813806593,
                        620602.0625
                    ],
                    [
                        3421624.0,
                        1.0057716281153262e-05,
                        0.00032322804327122867,
                        608652.25
                    ],
                    [
                        3476648.0,
                        9.978034540836234e-06,
                        0.0002578554267529398,
                        617310.8125
                    ],
                    [
                        3407144.0,
                        9.899765245791059e-06,
                        0.00022438736050389707,
                        706043.875
                    ],
                    [
                        3938560.0,
                        9.817606041906402e-06,
                        0.00038321700412780046,
                        631372.625
                    ]
                ]
            ],
            "actions": [
                [
                    [
                        0.5
                    ],
                    [
                        0.5
                    ],
                    [
                        0.5
                    ],
                    [
                        0.5
                    ],
                    [
                        0.5
                    ],
                    [
                        0.5
                    ],
                    [
                        0.5
                    ],
                    [
                        0.5
                    ],
                    [
                        0.5
                    ],
                    [
                        0.5
                    ],
                    [
                        0.5
                    ],
                    [
                        0.5
                    ],
                    [
                        0.5
                    ],
                    [
                        0.5
                    ],
                    [
                        0.5
                    ],
                    [
                        0.5
                    ],
                    [
                        0.5
                    ],
                    [
                        0.5
                    ],
                    [
                        0.5
                    ],
                    [
                        0.5
                    ]
                ]
            ],
            "returns": [
                [
                    [
                        0.41369158029556274
                    ],
                    [
                        0.41279682517051697
                    ],
                    [
                        0.41188669204711914
                    ],
                    [
                        0.41097697615623474
                    ],
                    [
                        0.41007962822914124
                    ],
                    [
                        0.4092106521129608
                    ],
                    [
                        0.4083682894706726
                    ],
                    [
                        0.4075181484222412
                    ],
                    [
                        0.4066390097141266
                    ],
                    [
                        0.4057706594467163
                    ],
                    [
                        0.40486466884613037
                    ],
                    [
                        0.40398868918418884
                    ],
                    [
                        0.40306612849235535
                    ],
                    [
                        0.4021398723125458
                    ],
                    [
                        0.40119698643684387
                    ],
                    [
                        0.4002683162689209
                    ],
                    [
                        0.39933690428733826
                    ],
                    [
                        0.39844298362731934
                    ],
                    [
                        0.3975476622581482
                    ],
                    [
                        0.3966540992259979
                    ]
                ]
            ],
            "timesteps": [
                [
                    180,
                    181,
                    182,
                    183,
                    184,
                    185,
                    186,
                    187,
                    188,
                    189,
                    190,
                    191,
                    192,
                    193,
                    194,
                    195,
                    196,
                    197,
                    198,
                    199
                ]
            ],
            "labels": [
                [
                    1,
                    1,
                    1,
                    1,
                    1,
                    1,
                    1,
                    1,
                    1,
                    1,
                    1,
                    1,
                    1,
                    1,
                    1,
                    1,
                    1,
                    1,
                    1,
                    1
                ]
            ],
            "CPU Usage": 45.0,
            "RAM Usage": 58.4,
            "GPU Usage": 0.0,
            "VRAM Usage": 376.0,
            "Disk Read Speed (MB/s)": 190568.486328125,
            "Disk Write Speed (MB/s)": 280323.9736328125
        },
        {
            "step": 1,
            "train_loss": 0.055828750133514404,
            "actions_pred1": [
                [
                    [
                        -0.04848134145140648,
                        -0.32417088747024536,
                        0.900923490524292,
                        0.5184239745140076
                    ],
                    [
                        -0.12032008171081543,
                        -0.2808189392089844,
                        1.0307790040969849,
                        0.4657212197780609
                    ],
                    [
                        -0.18698248267173767,
                        -0.16539251804351807,
                        0.9158545732498169,
                        0.4148138761520386
                    ],
                    [
                        -0.43714937567710876,
                        -0.04991297796368599,
                        1.0300092697143555,
                        0.3122777044773102
                    ],
                    [
                        -0.33184024691581726,
                        -0.0026202015578746796,
                        0.9133790731430054,
                        0.5123808979988098
                    ],
                    [
                        -0.27490678429603577,
                        -0.12604165077209473,
                        0.7292792797088623,
                        0.4233957529067993
                    ],
                    [
                        -0.2855294942855835,
                        -0.13576756417751312,
                        0.7564715147018433,
                        0.3971943259239197
                    ],
                    [
                        -0.2886393070220947,
                        0.08602572977542877,
                        0.8503949642181396,
                        0.4411761462688446
                    ],
                    [
                        -0.2894744277000427,
                        -0.02436274290084839,
                        0.8710774183273315,
                        0.48586249351501465
                    ],
                    [
                        -0.2713433504104614,
                        -0.045845381915569305,
                        0.8507565259933472,
                        0.43250373005867004
                    ],
                    [
                        -0.254345178604126,
                        -0.03332853689789772,
                        0.8224667310714722,
                        0.5130937695503235
                    ],
                    [
                        -0.2497413158416748,
                        0.006511673331260681,
                        0.7860651612281799,
                        0.4935290813446045
                    ],
                    [
                        -0.3234962522983551,
                        0.04345617815852165,
                        0.8619078993797302,
                        0.4049358069896698
                    ],
                    [
                        -0.0761115550994873,
                        0.08808382600545883,
                        0.8579310774803162,
                        0.418570339679718
                    ],
                    [
                        -0.15277370810508728,
                        0.10214873403310776,
                        0.8801026940345764,
                        0.4675111770629883
                    ],
                    [
                        -0.2454851120710373,
                        0.0017403587698936462,
                        0.887744128704071,
                        0.4688003957271576
                    ],
                    [
                        -0.28677091002464294,
                        -0.10906628519296646,
                        0.9704813361167908,
                        0.4677911400794983
                    ],
                    [
                        -0.22938010096549988,
                        -0.10133925080299377,
                        0.8718241453170776,
                        0.4829714298248291
                    ],
                    [
                        -0.16118337213993073,
                        -0.04849931597709656,
                        0.9717789888381958,
                        0.4241880178451538
                    ],
                    [
                        -0.15081056952476501,
                        -0.0500611737370491,
                        1.0744539499282837,
                        0.399714857339859
                    ]
                ]
            ],
            "actions_pred": [
                [
                    [
                        -0.04848134145140648,
                        -0.12032008171081543,
                        -0.18698248267173767,
                        -0.43714937567710876,
                        -0.33184024691581726,
                        -0.27490678429603577,
                        -0.2855294942855835,
                        -0.2886393070220947,
                        -0.2894744277000427,
                        -0.2713433504104614,
                        -0.254345178604126,
                        -0.2497413158416748,
                        -0.3234962522983551,
                        -0.0761115550994873,
                        -0.15277370810508728,
                        -0.2454851120710373,
                        -0.28677091002464294,
                        -0.22938010096549988,
                        -0.16118337213993073,
                        -0.15081056952476501
                    ],
                    [
                        -0.32417088747024536,
                        -0.2808189392089844,
                        -0.16539251804351807,
                        -0.04991297796368599,
                        -0.0026202015578746796,
                        -0.12604165077209473,
                        -0.13576756417751312,
                        0.08602572977542877,
                        -0.02436274290084839,
                        -0.045845381915569305,
                        -0.03332853689789772,
                        0.006511673331260681,
                        0.04345617815852165,
                        0.08808382600545883,
                        0.10214873403310776,
                        0.0017403587698936462,
                        -0.10906628519296646,
                        -0.10133925080299377,
                        -0.04849931597709656,
                        -0.0500611737370491
                    ],
                    [
                        0.900923490524292,
                        1.0307790040969849,
                        0.9158545732498169,
                        1.0300092697143555,
                        0.9133790731430054,
                        0.7292792797088623,
                        0.7564715147018433,
                        0.8503949642181396,
                        0.8710774183273315,
                        0.8507565259933472,
                        0.8224667310714722,
                        0.7860651612281799,
                        0.8619078993797302,
                        0.8579310774803162,
                        0.8801026940345764,
                        0.887744128704071,
                        0.9704813361167908,
                        0.8718241453170776,
                        0.9717789888381958,
                        1.0744539499282837
                    ],
                    [
                        0.5184239745140076,
                        0.4657212197780609,
                        0.4148138761520386,
                        0.3122777044773102,
                        0.5123808979988098,
                        0.4233957529067993,
                        0.3971943259239197,
                        0.4411761462688446,
                        0.48586249351501465,
                        0.43250373005867004,
                        0.5130937695503235,
                        0.4935290813446045,
                        0.4049358069896698,
                        0.418570339679718,
                        0.4675111770629883,
                        0.4688003957271576,
                        0.4677911400794983,
                        0.4829714298248291,
                        0.4241880178451538,
                        0.399714857339859
                    ]
                ]
            ],
            "states": [
                [
                    [
                        5354704.0,
                        8.239823728217743e-06,
                        0.00025337765691801906,
                        501396.375
                    ],
                    [
                        6112008.0,
                        8.186386367015075e-06,
                        0.00023226119810715318,
                        493386.84375
                    ],
                    [
                        437474.0,
                        0.04059061408042908,
                        0.000310274597723037,
                        179519.703125
                    ],
                    [
                        742824.0,
                        0.00568061089143157,
                        0.00025462565827183425,
                        494869.5625
                    ],
                    [
                        1293064.0,
                        0.002463217591866851,
                        0.00027542549651116133,
                        568802.125
                    ],
                    [
                        2754096.0,
                        0.001175331766717136,
                        0.00025879128952510655,
                        506395.59375
                    ],
                    [
                        4959400.0,
                        0.0005831622984260321,
                        0.0002528103068470955,
                        510830.5
                    ],
                    [
                        7180632.0,
                        0.0003223789972253144,
                        0.00020026147831231356,
                        497092.78125
                    ],
                    [
                        10328584.0,
                        0.00019613979384303093,
                        0.00022364039614330977,
                        447740.25
                    ],
                    [
                        9514808.0,
                        0.00013474683510139585,
                        0.0002323320077266544,
                        458092.9375
                    ],
                    [
                        9614720.0,
                        0.00010378147271694615,
                        0.00023472661268897355,
                        451882.15625
                    ],
                    [
                        11055480.0,
                        8.32404475659132e-05,
                        0.00024062122975010425,
                        451078.96875
                    ],
                    [
                        10631216.0,
                        6.886368646519259e-05,
                        0.0001874879380920902,
                        454141.4375
                    ],
                    [
                        9736352.0,
                        5.92533870076295e-05,
                        0.00025532711879350245,
                        501440.96875
                    ],
                    [
                        5832544.0,
                        5.351470463210717e-05,
                        0.0002452299522701651,
                        514617.375
                    ],
                    [
                        4878312.0,
                        5.0193953939015046e-05,
                        0.00023082415282260627,
                        598373.25
                    ],
                    [
                        5687744.0,
                        4.730764703708701e-05,
                        0.00026125748991034925,
                        594833.125
                    ],
                    [
                        5154880.0,
                        4.466561586013995e-05,
                        0.00024003862927202135,
                        666985.1875
                    ],
                    [
                        5471992.0,
                        4.2350944568170235e-05,
                        0.00019315553072374314,
                        641558.875
                    ],
                    [
                        7102440.0,
                        3.9908583858050406e-05,
                        0.00022412248654291034,
                        477795.28125
                    ]
                ]
            ],
            "actions": [
                [
                    [
                        0.25
                    ],
                    [
                        0.25
                    ],
                    [
                        0.5
                    ],
                    [
                        0.5
                    ],
                    [
                        0.5
                    ],
                    [
                        0.5
                    ],
                    [
                        0.5
                    ],
                    [
                        0.5
                    ],
                    [
                        0.5
                    ],
                    [
                        0.5
                    ],
                    [
                        0.5
                    ],
                    [
                        0.5
                    ],
                    [
                        0.5
                    ],
                    [
                        0.5
                    ],
                    [
                        0.5
                    ],
                    [
                        0.5
                    ],
                    [
                        0.5
                    ],
                    [
                        0.5
                    ],
                    [
                        0.5
                    ],
                    [
                        0.5
                    ]
                ]
            ],
            "returns": [
                [
                    [
                        0.18974736332893372
                    ],
                    [
                        0.1888137310743332
                    ],
                    [
                        0.1878683865070343
                    ],
                    [
                        0.1871568113565445
                    ],
                    [
                        0.18639831244945526
                    ],
                    [
                        0.18559066951274872
                    ],
                    [
                        0.18471598625183105
                    ],
                    [
                        0.18378916382789612
                    ],
                    [
                        0.18282951414585114
                    ],
                    [
                        0.18183764815330505
                    ],
                    [
                        0.18085305392742157
                    ],
                    [
                        0.17986753582954407
                    ],
                    [
                        0.17886963486671448
                    ],
                    [
                        0.17787520587444305
                    ],
                    [
                        0.176888570189476
                    ],
                    [
                        0.17594735324382782
                    ],
                    [
                        0.17502199113368988
                    ],
                    [
                        0.17408300936222076
                    ],
                    [
                        0.17315275967121124
                    ],
                    [
                        0.1722172051668167
                    ]
                ]
            ],
            "timesteps": [
                [
                    420,
                    421,
                    422,
                    423,
                    424,
                    425,
                    426,
                    427,
                    428,
                    429,
                    430,
                    431,
                    432,
                    433,
                    434,
                    435,
                    436,
                    437,
                    438,
                    439
                ]
            ],
            "labels": [
                [
                    0,
                    0,
                    1,
                    1,
                    1,
                    1,
                    1,
                    1,
                    1,
                    1,
                    1,
                    1,
                    1,
                    1,
                    1,
                    1,
                    1,
                    1,
                    1,
                    1
                ]
            ],
            "CPU Usage": 47.5,
            "RAM Usage": 59.3,
            "GPU Usage": 0.0,
            "VRAM Usage": 376.0,
            "Disk Read Speed (MB/s)": 190568.486328125,
            "Disk Write Speed (MB/s)": 280324.6181640625
        },
        {
            "step": 2,
            "train_loss": 0.030429158359766006,
            "actions_pred1": [
                [
                    [
                        0.1816779375076294,
                        -0.22102297842502594,
                        0.48586761951446533,
                        0.4514748752117157
                    ],
                    [
                        -0.09754666686058044,
                        -0.1336267590522766,
                        0.4682455062866211,
                        0.5819790959358215
                    ],
                    [
                        -0.2843073010444641,
                        0.1487521231174469,
                        0.5968033671379089,
                        0.5067227482795715
                    ],
                    [
                        -0.30377501249313354,
                        0.05783451348543167,
                        0.6701962947845459,
                        0.5664755702018738
                    ],
                    [
                        -0.3226560354232788,
                        -0.01690104603767395,
                        0.6001911163330078,
                        0.45617204904556274
                    ],
                    [
                        -0.2645949721336365,
                        0.009035676717758179,
                        0.6415820717811584,
                        0.3694295287132263
                    ],
                    [
                        -0.3403629660606384,
                        -0.05682189762592316,
                        0.7220213413238525,
                        0.36415305733680725
                    ],
                    [
                        -0.5184662938117981,
                        -0.17570748925209045,
                        0.6763924360275269,
                        0.2764595150947571
                    ],
                    [
                        -0.41004449129104614,
                        -0.23383980989456177,
                        0.6070331335067749,
                        0.30850550532341003
                    ],
                    [
                        -0.37276655435562134,
                        -0.026700705289840698,
                        0.8031390905380249,
                        0.30721139907836914
                    ],
                    [
                        -0.3962787985801697,
                        0.05453616380691528,
                        0.9527187347412109,
                        0.36944809556007385
                    ],
                    [
                        -0.22980740666389465,
                        0.08431198447942734,
                        0.7530627250671387,
                        0.2991151213645935
                    ],
                    [
                        -0.09541352093219757,
                        0.02329016476869583,
                        0.8490383625030518,
                        0.21343959867954254
                    ],
                    [
                        -0.2095300555229187,
                        -0.06503751873970032,
                        0.5615851283073425,
                        0.1894410252571106
                    ],
                    [
                        -0.2950071096420288,
                        -0.013700384646654129,
                        0.675216794013977,
                        0.2581959366798401
                    ],
                    [
                        -0.16884519159793854,
                        -0.21719704568386078,
                        0.6715843677520752,
                        0.29952841997146606
                    ],
                    [
                        -0.18180133402347565,
                        -0.07150747627019882,
                        0.6442352533340454,
                        0.43128877878189087
                    ],
                    [
                        -0.20496124029159546,
                        0.10465197265148163,
                        0.7462756037712097,
                        0.5166831016540527
                    ],
                    [
                        -0.23168380558490753,
                        0.1714930534362793,
                        0.7756800055503845,
                        0.5600075721740723
                    ],
                    [
                        -0.2564429044723511,
                        0.14495866000652313,
                        0.7610602378845215,
                        0.4846595525741577
                    ]
                ]
            ],
            "actions_pred": [
                [
                    [
                        0.1816779375076294,
                        -0.09754666686058044,
                        -0.2843073010444641,
                        -0.30377501249313354,
                        -0.3226560354232788,
