{
    "steps": [
        {
            "step": 0,
            "train_loss": 0.037897706031799316,
            "actions_pred1": [
                [
                    [
                        0.0861620381474495,
                        -0.1852664351463318,
                        0.22624002397060394,
                        0.9053717851638794
                    ],
                    [
                        0.010255269706249237,
                        -0.00631636381149292,
                        0.28073152899742126,
                        0.9545435905456543
                    ],
                    [
                        0.04405397176742554,
                        0.06553055346012115,
                        0.2673952877521515,
                        0.7965535521507263
                    ],
                    [
                        0.007340259850025177,
                        0.006911143660545349,
                        0.16453462839126587,
                        0.7621692419052124
                    ],
                    [
                        -0.21948933601379395,
                        0.22651691734790802,
                        0.3746245503425598,
                        0.6279143691062927
                    ],
                    [
                        -0.339300274848938,
                        0.03346611559391022,
                        0.42016899585723877,
                        0.6437905430793762
                    ],
                    [
                        -0.2060188502073288,
                        0.07492479681968689,
                        0.45927268266677856,
                        0.7568054795265198
                    ],
                    [
                        -0.0263604074716568,
                        -0.23761126399040222,
                        0.5289989709854126,
                        0.6950504779815674
                    ],
                    [
                        -0.22734060883522034,
                        -0.11485008150339127,
                        0.6825062036514282,
                        0.677547037601471
                    ],
                    [
                        -0.2997763752937317,
                        -0.04383505880832672,
                        0.6240638494491577,
                        0.6952564716339111
                    ],
                    [
                        -0.18258854746818542,
                        -0.11909765005111694,
                        0.5228328108787537,
                        0.656607449054718
                    ],
                    [
                        -0.10333289951086044,
                        -0.03639339655637741,
                        0.5735923647880554,
                        0.728262722492218
                    ],
                    [
                        -0.16425934433937073,
                        -0.06335894763469696,
                        0.5539555549621582,
                        0.6650015711784363
                    ],
                    [
                        -0.25153806805610657,
                        -0.17782768607139587,
                        0.6211514472961426,
                        0.6161139011383057
                    ],
                    [
                        -0.3047974407672882,
                        -0.11764750629663467,
                        0.5831068754196167,
                        0.7048726081848145
                    ],
                    [
                        -0.3506154716014862,
                        -0.10249534994363785,
                        0.5161329507827759,
                        0.8406062126159668
                    ],
                    [
                        -0.2681017518043518,
                        -0.08934087306261063,
                        0.5956189632415771,
                        0.8651082515716553
                    ],
                    [
                        -0.22175344824790955,
                        -0.06807716190814972,
                        0.6624742746353149,
                        0.8873496055603027
                    ],
                    [
                        -0.16013574600219727,
                        -0.00400041788816452,
                        0.8679248690605164,
                        0.7469214200973511
                    ],
                    [
                        -0.1818443238735199,
                        -0.06374231725931168,
                        0.7351338267326355,
                        0.7098307609558105
                    ]
                ]
            ],
            "actions_pred": [
                [
                    [
                        0.0861620381474495,
                        0.010255269706249237,
                        0.04405397176742554,
                        0.007340259850025177,
                        -0.21948933601379395,
                        -0.339300274848938,
                        -0.2060188502073288,
                        -0.0263604074716568,
                        -0.22734060883522034,
                        -0.2997763752937317,
                        -0.18258854746818542,
                        -0.10333289951086044,
                        -0.16425934433937073,
                        -0.25153806805610657,
                        -0.3047974407672882,
                        -0.3506154716014862,
                        -0.2681017518043518,
                        -0.22175344824790955,
                        -0.16013574600219727,
                        -0.1818443238735199
                    ],
                    [
                        -0.1852664351463318,
                        -0.00631636381149292,
                        0.06553055346012115,
                        0.006911143660545349,
                        0.22651691734790802,
                        0.03346611559391022,
                        0.07492479681968689,
                        -0.23761126399040222,
                        -0.11485008150339127,
                        -0.04383505880832672,
                        -0.11909765005111694,
                        -0.03639339655637741,
                        -0.06335894763469696,
                        -0.17782768607139587,
                        -0.11764750629663467,
                        -0.10249534994363785,
                        -0.08934087306261063,
                        -0.06807716190814972,
                        -0.00400041788816452,
                        -0.06374231725931168
                    ],
                    [
                        0.22624002397060394,
                        0.28073152899742126,
                        0.2673952877521515,
                        0.16453462839126587,
                        0.3746245503425598,
                        0.42016899585723877,
                        0.45927268266677856,
                        0.5289989709854126,
                        0.6825062036514282,
                        0.6240638494491577,
                        0.5228328108787537,
                        0.5735923647880554,
                        0.5539555549621582,
                        0.6211514472961426,
                        0.5831068754196167,
                        0.5161329507827759,
                        0.5956189632415771,
                        0.6624742746353149,
                        0.8679248690605164,
                        0.7351338267326355
                    ],
                    [
                        0.9053717851638794,
                        0.9545435905456543,
                        0.7965535521507263,
                        0.7621692419052124,
                        0.6279143691062927,
                        0.6437905430793762,
                        0.7568054795265198,
                        0.6950504779815674,
                        0.677547037601471,
                        0.6952564716339111,
                        0.656607449054718,
                        0.728262722492218,
                        0.6650015711784363,
                        0.6161139011383057,
                        0.7048726081848145,
                        0.8406062126159668,
                        0.8651082515716553,
                        0.8873496055603027,
                        0.7469214200973511,
                        0.7098307609558105
                    ]
                ]
            ],
            "states": [
                [
                    [
                        5325744.0,
                        3.011092121596448e-05,
                        0.00027277067420072854,
                        851925.625
                    ],
                    [
                        5357600.0,
                        2.9456161428242922e-05,
                        0.00027305487310513854,
                        832487.0625
                    ],
                    [
                        5618240.0,
                        2.881258842535317e-05,
                        0.0002689558023121208,
                        866650.0
                    ],
                    [
                        5764488.0,
                        2.8174086764920503e-05,
                        0.0002797737834043801,
                        885137.0
                    ],
                    [
                        5370632.0,
                        2.7576063075684942e-05,
                        0.00025503398501314223,
                        827897.4375
                    ],
                    [
                        5432896.0,
                        2.7019848857889883e-05,
                        0.00027816780493594706,
                        880666.4375
                    ],
                    [
                        5364840.0,
                        2.6485795387998223e-05,
                        0.00026209698989987373,
                        834819.0
                    ],
                    [
                        5233072.0,
                        2.598174069134984e-05,
                        0.0002851165772881359,
                        880287.1875
                    ],
                    [
                        5114336.0,
                        2.5507837563054636e-05,
                        0.000267517170868814,
                        884475.5
                    ],
                    [
                        5458960.0,
                        2.504124859115109e-05,
                        0.00027258697082288563,
                        833080.1875
                    ],
                    [
                        5170808.0,
                        2.4588902306277305e-05,
                        0.00027191461413167417,
                        830618.8125
                    ],
                    [
                        5131712.0,
                        2.416586175968405e-05,
                        0.00027577357832342386,
                        795031.0
                    ],
                    [
                        5137504.0,
                        2.3758442694088444e-05,
                        0.00027702987426891923,
                        830415.5625
                    ],
                    [
                        5460408.0,
                        2.3352160496870056e-05,
                        0.0002779100905172527,
                        812805.0
                    ],
                    [
                        5332984.0,
                        2.2952330255066045e-05,
                        0.00026160795823670924,
                        784998.0
                    ],
                    [
                        5464752.0,
                        2.256591324112378e-05,
                        0.0002753763983491808,
                        843504.25
                    ],
                    [
                        5461856.0,
                        2.2187881768331863e-05,
                        0.0002731475979089737,
                        901654.0625
                    ],
                    [
                        5571904.0,
                        2.181875788664911e-05,
                        0.0002628508664201945,
                        880942.125
                    ],
                    [
                        5370632.0,
                        2.146460974472575e-05,
                        0.00026417680783197284,
                        856475.0625
                    ],
                    [
                        5508192.0,
                        2.1123838450876065e-05,
                        0.0002805523981805891,
                        865747.5
                    ]
                ]
            ],
            "actions": [
                [
                    [
                        0.75
                    ],
                    [
                        0.75
                    ],
                    [
                        0.75
                    ],
                    [
                        0.75
                    ],
                    [
                        0.75
                    ],
                    [
                        0.75
                    ],
                    [
                        0.75
                    ],
                    [
                        0.75
                    ],
                    [
                        0.75
                    ],
                    [
                        0.75
                    ],
                    [
                        0.75
                    ],
                    [
                        0.75
                    ],
                    [
                        0.75
                    ],
                    [
                        0.75
                    ],
                    [
                        0.75
                    ],
                    [
                        0.75
                    ],
                    [
                        0.75
                    ],
                    [
                        0.75
                    ],
                    [
                        0.75
                    ],
                    [
                        0.75
                    ]
                ]
            ],
            "returns": [
                [
                    [
                        0.34190085530281067
                    ],
                    [
                        0.34096771478652954
                    ],
                    [
                        0.34003403782844543
                    ],
                    [
                        0.3390961289405823
                    ],
                    [
                        0.33815598487854004
                    ],
                    [
                        0.33722206950187683
                    ],
                    [
                        0.33628717064857483
                    ],
                    [
                        0.33535337448120117
                    ],
                    [
                        0.3344217836856842
                    ],
                    [
                        0.3334922194480896
                    ],
                    [
                        0.33255690336227417
                    ],
                    [
                        0.33162635564804077
                    ],
                    [
                        0.3306964933872223
                    ],
                    [
                        0.32976654171943665
                    ],
                    [
                        0.32883119583129883
                    ],
                    [
                        0.32789793610572815
                    ],
                    [
                        0.32696250081062317
                    ],
                    [
                        0.3260270953178406
                    ],
                    [
                        0.3250899612903595
                    ],
                    [
                        0.3241560757160187
                    ]
                ]
            ],
            "timesteps": [
                [
                    260,
                    261,
                    262,
                    263,
                    264,
                    265,
                    266,
                    267,
                    268,
                    269,
                    270,
                    271,
                    272,
                    273,
                    274,
                    275,
                    276,
                    277,
                    278,
                    279
                ]
            ],
            "labels": [
                [
                    2,
                    2,
                    2,
                    2,
                    2,
                    2,
                    2,
                    2,
                    2,
                    2,
                    2,
                    2,
                    2,
                    2,
                    2,
                    2,
                    2,
                    2,
                    2,
                    2
                ]
            ],
            "CPU Usage": 38.8,
            "RAM Usage": 53.2,
            "GPU Usage": 0.0,
            "VRAM Usage": 525.0,
            "Disk Read Speed (MB/s)": 190380.0,
            "Disk Write Speed (MB/s)": 265077.4423828125
        },
        {
            "step": 1,
            "train_loss": 0.04390135407447815,
            "actions_pred1": [
                [
                    [
                        -0.09089478850364685,
                        -0.453167587518692,
                        0.15679404139518738,
                        0.8329799771308899
                    ],
                    [
                        -0.3199912905693054,
                        -0.31157800555229187,
                        0.20636700093746185,
                        0.7396889328956604
                    ],
                    [
                        -0.3710119128227234,
                        -0.33257120847702026,
                        0.30983519554138184,
                        0.7430192232131958
                    ],
                    [
                        -0.4006079137325287,
                        -0.3089422285556793,
                        0.41915446519851685,
                        0.7483307123184204
                    ],
                    [
                        -0.2790926694869995,
                        -0.2161267101764679,
                        0.4382464289665222,
                        0.7217539548873901
                    ],
                    [
                        -0.45869314670562744,
                        -0.2145206332206726,
                        0.37519747018814087,
                        0.6444470882415771
                    ],
                    [
                        -0.666709303855896,
                        -0.21730650961399078,
                        0.40202340483665466,
                        0.5913920402526855
                    ],
                    [
                        -0.6359761357307434,
                        -0.23759758472442627,
                        0.41335394978523254,
                        0.5095021724700928
                    ],
                    [
                        -0.5768809914588928,
                        -0.27341145277023315,
                        0.22326603531837463,
                        0.45254063606262207
                    ],
                    [
                        -0.5126422047615051,
                        -0.268658310174942,
                        0.2274542897939682,
                        0.418016254901886
                    ],
                    [
                        -0.5079337954521179,
                        -0.25653931498527527,
                        0.3797118067741394,
                        0.49878543615341187
                    ],
                    [
                        -0.4687691330909729,
                        -0.26237666606903076,
                        0.31683552265167236,
                        0.4895152449607849
                    ],
                    [
                        -0.5133010149002075,
                        -0.21723756194114685,
                        0.4213513433933258,
                        0.5593010783195496
                    ],
                    [
                        -0.5189377069473267,
                        -0.11354078352451324,
                        0.5215232372283936,
                        0.459844708442688
                    ],
                    [
                        -0.4783341884613037,
                        -0.1009870395064354,
                        0.48260602355003357,
                        0.4900663495063782
                    ],
                    [
                        -0.5407662391662598,
                        -0.1652940809726715,
                        0.4828945994377136,
                        0.4080916941165924
                    ],
                    [
                        -0.7655811905860901,
                        -0.18622207641601562,
                        0.5463017225265503,
                        0.2325461506843567
                    ],
                    [
                        -0.5959855914115906,
                        -0.09170734882354736,
                        0.49577200412750244,
                        0.36589688062667847
                    ],
                    [
                        -0.5993083119392395,
                        -0.1744193136692047,
                        0.30244186520576477,
                        0.45652952790260315
                    ],
                    [
                        -0.6413676142692566,
                        -0.1785455346107483,
                        0.31527993083000183,
                        0.4484330713748932
                    ]
                ]
            ],
            "actions_pred": [
                [
                    [
                        -0.09089478850364685,
                        -0.3199912905693054,
                        -0.3710119128227234,
                        -0.4006079137325287,
                        -0.2790926694869995,
                        -0.45869314670562744,
                        -0.666709303855896,
                        -0.6359761357307434,
                        -0.5768809914588928,
                        -0.5126422047615051,
                        -0.5079337954521179,
                        -0.4687691330909729,
                        -0.5133010149002075,
                        -0.5189377069473267,
                        -0.4783341884613037,
                        -0.5407662391662598,
                        -0.7655811905860901,
                        -0.5959855914115906,
                        -0.5993083119392395,
                        -0.6413676142692566
                    ],
                    [
                        -0.453167587518692,
                        -0.31157800555229187,
                        -0.33257120847702026,
                        -0.3089422285556793,
                        -0.2161267101764679,
                        -0.2145206332206726,
                        -0.21730650961399078,
                        -0.23759758472442627,
                        -0.27341145277023315,
                        -0.268658310174942,
                        -0.25653931498527527,
                        -0.26237666606903076,
                        -0.21723756194114685,
                        -0.11354078352451324,
                        -0.1009870395064354,
                        -0.1652940809726715,
                        -0.18622207641601562,
                        -0.09170734882354736,
                        -0.1744193136692047,
                        -0.1785455346107483
                    ],
                    [
                        0.15679404139518738,
                        0.20636700093746185,
                        0.30983519554138184,
                        0.41915446519851685,
                        0.4382464289665222,
                        0.37519747018814087,
                        0.40202340483665466,
                        0.41335394978523254,
                        0.22326603531837463,
                        0.2274542897939682,
                        0.3797118067741394,
                        0.31683552265167236,
                        0.4213513433933258,
                        0.5215232372283936,
                        0.48260602355003357,
                        0.4828945994377136,
                        0.5463017225265503,
                        0.49577200412750244,
                        0.30244186520576477,
                        0.31527993083000183
                    ],
                    [
                        0.8329799771308899,
                        0.7396889328956604,
                        0.7430192232131958,
                        0.7483307123184204,
                        0.7217539548873901,
                        0.6444470882415771,
                        0.5913920402526855,
                        0.5095021724700928,
                        0.45254063606262207,
                        0.418016254901886,
                        0.49878543615341187,
                        0.4895152449607849,
                        0.5593010783195496,
                        0.459844708442688,
                        0.4900663495063782,
                        0.4080916941165924,
                        0.2325461506843567,
                        0.36589688062667847,
                        0.45652952790260315,
                        0.4484330713748932
                    ]
                ]
            ],
            "states": [
                [
                    [
                        5457512.0,
                        9.714517545944545e-06,
                        0.0004527103737927973,
                        552968.1875
                    ],
                    [
                        4474320.0,
                        9.607780157239176e-06,
                        0.00029970589093863964,
                        640429.75
                    ],
                    [
                        3226144.0,
                        9.52661685005296e-06,
                        0.00026218051789328456,
                        614909.3125
                    ],
                    [
                        4174584.0,
                        9.44995554164052e-06,
                        0.0002925366861745715,
                        607098.5
                    ],
                    [
                        4522104.0,
                        9.361412594444118e-06,
                        0.00028024095809087157,
                        568885.75
                    ],
                    [
                        2825048.0,
                        8.919517313188408e-06,
                        0.0001758198341121897,
                        690901.5625
                    ],
                    [
                        5196872.0,
                        8.846717719279695e-06,
                        0.00013516498438548297,
                        601105.3125
                    ],
                    [
                        7633856.0,
                        8.732715286896564e-06,
                        0.0001646996388444677,
                        547900.5625
                    ],
                    [
                        47963.0,
                        0.2136354148387909,
                        0.00027816780493594706,
                        871190.125
                    ],
                    [
                        608160.0,
                        0.027683094143867493,
                        0.00026209698989987373,
                        1030414.6875
                    ],
                    [
                        537208.0,
                        0.007899114862084389,
                        0.0002851165772881359,
                        949322.9375
                    ],
                    [
                        671872.0,
                        0.004755145870149136,
                        0.000267517170868814,
                        888587.6875
                    ],
                    [
                        858664.0,
                        0.003167606657370925,
                        0.00027258697082288563,
                        909664.5625
                    ],
                    [
                        877488.0,
                        0.0022909550461918116,
                        0.00027191461413167417,
                        989545.25
                    ],
                    [
                        1255416.0,
                        0.0017173178493976593,
                        0.00027577357832342386,
                        1043241.4375
                    ],
                    [
                        1436416.0,
                        0.0013016851153224707,
                        0.00027702987426891923,
                        939221.25
                    ],
                    [
                        1715880.0,
                        0.0010147599969059229,
                        0.0002779100905172527,
                        989890.625
                    ],
                    [
                        1867920.0,
                        0.0008108949987217784,
                        0.00026160795823670924,
                        1001348.25
                    ],
                    [
                        2189376.0,
                        0.0006609969423152506,
                        0.0002753763983491808,
                        969961.0625
                    ],
                    [
                        2552824.0,
                        0.000543545582331717,
                        0.0002731475979089737,
                        970656.1875
                    ]
                ]
            ],
            "actions": [
                [
                    [
                        0.5
                    ],
                    [
                        0.5
                    ],
                    [
                        0.5
                    ],
                    [
                        0.5
                    ],
                    [
                        0.5
                    ],
                    [
                        0.5
                    ],
                    [
                        0.5
                    ],
                    [
                        0.5
                    ],
                    [
                        0.75
                    ],
                    [
                        0.75
                    ],
                    [
                        0.75
                    ],
                    [
                        0.75
                    ],
                    [
                        0.75
                    ],
                    [
                        0.75
                    ],
                    [
                        0.75
                    ],
                    [
                        0.75
                    ],
                    [
                        0.75
                    ],
                    [
                        0.75
                    ],
                    [
                        0.75
                    ],
                    [
                        0.75
                    ]
                ]
            ],
            "returns": [
                [
                    [
                        0.39574772119522095
                    ],
                    [
                        0.3948124051094055
                    ],
                    [
                        0.3938947021961212
                    ],
                    [
                        0.39300599694252014
                    ],
                    [
                        0.3920944333076477
                    ],
                    [
                        0.3911758065223694
                    ],
                    [
                        0.39029887318611145
                    ],
                    [
                        0.38936787843704224
                    ],
                    [
                        0.3884028196334839
                    ],
                    [
                        0.38788723945617676
                    ],
                    [
                        0.3871464729309082
                    ],
                    [
                        0.3864167034626007
                    ],
                    [
                        0.385667085647583
                    ],
                    [
                        0.3848957419395447
                    ],
                    [
                        0.38412246108055115
                    ],
                    [
                        0.3833174407482147
                    ],
                    [
                        0.38250046968460083
                    ],
                    [
                        0.38166773319244385
                    ],
                    [
                        0.38082748651504517
                    ],
                    [
                        0.3799731433391571
                    ]
                ]
            ],
            "timesteps": [
                [
                    200,
                    201,
                    202,
                    203,
                    204,
                    205,
                    206,
                    207,
                    208,
                    209,
                    210,
                    211,
                    212,
                    213,
                    214,
                    215,
                    216,
                    217,
                    218,
                    219
                ]
            ],
            "labels": [
                [
                    1,
                    1,
                    1,
                    1,
                    1,
                    1,
                    1,
                    1,
                    2,
                    2,
                    2,
                    2,
                    2,
                    2,
                    2,
                    2,
                    2,
                    2,
                    2,
                    2
                ]
            ],
            "CPU Usage": 48.4,
            "RAM Usage": 56.2,
            "GPU Usage": 0.0,
            "VRAM Usage": 525.0,
            "Disk Read Speed (MB/s)": 190380.20703125,
            "Disk Write Speed (MB/s)": 265177.4345703125
        },
        {
            "step": 2,
            "train_loss": 0.031603939831256866,
            "actions_pred1": [
                [
                    [
                        -0.19065362215042114,
                        -0.08910084515810013,
                        0.8204322457313538,
                        0.6951357126235962
                    ],
                    [
                        -0.23404119908809662,
                        -0.11505348235368729,
                        0.7814012169837952,
                        0.6798562407493591
                    ],
                    [
                        -0.20604775846004486,
                        -0.12320239096879959,
                        0.6546621322631836,
                        0.6632661819458008
                    ],
                    [
                        -0.2292797714471817,
                        -0.2568169832229614,
                        0.5458613038063049,
                        0.4820789396762848
                    ],
                    [
                        -0.09661334753036499,
                        -0.2610527575016022,
                        0.5868581533432007,
                        0.41930145025253296
                    ],
                    [
                        -0.13778112828731537,
                        -0.2815228998661041,
                        0.5371131896972656,
                        0.48316752910614014
                    ],
                    [
                        -0.1636236011981964,
                        -0.08788269013166428,
                        0.40325862169265747,
                        0.6309510469436646
                    ],
                    [
                        -0.13422033190727234,
                        -0.09925486147403717,
                        0.5573868751525879,
                        0.6331461071968079
                    ],
                    [
                        -0.09071657061576843,
                        -0.05751600116491318,
                        0.5617964267730713,
                        0.5394898653030396
                    ],
                    [
                        -0.18082349002361298,
                        -0.07411497086286545,
                        0.5719457268714905,
                        0.4603460431098938
                    ],
                    [
                        -0.1907050907611847,
                        -0.09636411815881729,
                        0.6231858134269714,
                        0.4891265034675598
                    ],
                    [
                        -0.24546299874782562,
                        -0.08231982588768005,
                        0.5738008618354797,
                        0.47310933470726013
                    ],
                    [
                        -0.1606736183166504,
                        -0.12401723861694336,
                        0.7649246454238892,
                        0.3806164264678955
                    ],
                    [
                        -0.19071198999881744,
                        -0.0933288186788559,
                        0.7357113361358643,
                        0.42009687423706055
                    ],
                    [
                        -0.23655734956264496,
                        -0.07447069138288498,
                        0.6376335024833679,
                        0.43452686071395874
                    ],
                    [
                        -0.32785382866859436,
                        -0.06395415216684341,
                        0.7341904044151306,
                        0.36184728145599365
                    ],
                    [
                        -0.4199918806552887,
                        -0.031191304326057434,
                        0.768086314201355,
                        0.3439580500125885
                    ],
                    [
                        -0.25000321865081787,
                        0.010905109345912933,
                        0.6955789923667908,
                        0.41373810172080994
                    ],
                    [
                        -0.31674012541770935,
                        -0.04576355218887329,
                        0.7158864140510559,
                        0.44124045968055725
                    ],
                    [
                        -0.3495197594165802,
                        -0.0767800435423851,
                        0.8031480312347412,
                        0.4488362669944763
                    ]
                ]
            ],
            "actions_pred": [
                [
                    [
                        -0.19065362215042114,
                        -0.23404119908809662,
                        -0.20604775846004486,
                        -0.2292797714471817,
                        -0.09661334753036499,
                        -0.13778112828731537,
