{
    "steps": [
        {
            "step": 0,
            "train_loss": 0.05541869252920151,
            "actions_pred1": [
                [
                    [
                        -0.16369029879570007,
                        -0.17051903903484344,
                        0.6800292730331421,
                        0.597399115562439
                    ],
                    [
                        -0.19664791226387024,
                        -0.038743019104003906,
                        0.7582204341888428,
                        0.7046061754226685
                    ],
                    [
                        -0.1439250409603119,
                        -0.049810685217380524,
                        0.8428499698638916,
                        0.5750508308410645
                    ],
                    [
                        -0.15983405709266663,
                        -0.11556489765644073,
                        0.8858639001846313,
                        0.5128289461135864
                    ],
                    [
                        -0.18490785360336304,
                        -0.06701911985874176,
                        0.9617500901222229,
                        0.503809928894043
                    ],
                    [
                        -0.3399495780467987,
                        -0.08966463804244995,
                        0.7457602024078369,
                        0.3637976050376892
                    ],
                    [
                        -0.2216353714466095,
                        -0.12251602113246918,
                        0.7880181670188904,
                        0.3760773539543152
                    ],
                    [
                        -0.2303639054298401,
                        -0.14411620795726776,
                        0.7448965311050415,
                        0.4359234869480133
                    ],
                    [
                        -0.1878087818622589,
                        -0.10313557088375092,
                        0.6393914818763733,
                        0.4057326912879944
                    ],
                    [
                        -0.26313725113868713,
                        -0.15178412199020386,
                        0.7007884383201599,
                        0.4097205698490143
                    ],
                    [
                        -0.18745407462120056,
                        -0.05608895421028137,
                        0.7111334204673767,
                        0.3811722695827484
                    ],
                    [
                        -0.16100502014160156,
                        -0.050875186920166016,
                        0.6938064098358154,
                        0.35344576835632324
                    ],
                    [
                        -0.2153645157814026,
                        -0.07965514063835144,
                        0.6574366688728333,
                        0.37674760818481445
                    ],
                    [
                        -0.23436777293682098,
                        -0.036381930112838745,
                        0.718461811542511,
                        0.3716737627983093
                    ],
                    [
                        -0.13029879331588745,
                        -0.11261335015296936,
                        0.8302443623542786,
                        0.4290545880794525
                    ],
                    [
                        -0.2230394035577774,
                        -0.0538787841796875,
                        0.7556622624397278,
                        0.42305055260658264
                    ],
                    [
                        -0.3212185800075531,
                        0.009876087307929993,
                        0.7875370979309082,
                        0.40239423513412476
                    ],
                    [
                        -0.24777951836585999,
                        -0.028727658092975616,
                        0.8791142702102661,
                        0.45507949590682983
                    ],
                    [
                        -0.19158026576042175,
                        -0.03317995369434357,
                        0.8534039855003357,
                        0.4046935737133026
                    ],
                    [
                        -0.30015915632247925,
                        -0.015444077551364899,
                        0.8449921011924744,
                        0.2899550795555115
                    ]
                ]
            ],
            "actions_pred": [
                [
                    [
                        -0.16369029879570007,
                        -0.19664791226387024,
                        -0.1439250409603119,
                        -0.15983405709266663,
                        -0.18490785360336304,
                        -0.3399495780467987,
                        -0.2216353714466095,
                        -0.2303639054298401,
                        -0.1878087818622589,
                        -0.26313725113868713,
                        -0.18745407462120056,
                        -0.16100502014160156,
                        -0.2153645157814026,
                        -0.23436777293682098,
                        -0.13029879331588745,
                        -0.2230394035577774,
                        -0.3212185800075531,
                        -0.24777951836585999,
                        -0.19158026576042175,
                        -0.30015915632247925
                    ],
                    [
                        -0.17051903903484344,
                        -0.038743019104003906,
                        -0.049810685217380524,
                        -0.11556489765644073,
                        -0.06701911985874176,
                        -0.08966463804244995,
                        -0.12251602113246918,
                        -0.14411620795726776,
                        -0.10313557088375092,
                        -0.15178412199020386,
                        -0.05608895421028137,
                        -0.050875186920166016,
                        -0.07965514063835144,
                        -0.036381930112838745,
                        -0.11261335015296936,
                        -0.0538787841796875,
                        0.009876087307929993,
                        -0.028727658092975616,
                        -0.03317995369434357,
                        -0.015444077551364899
                    ],
                    [
                        0.6800292730331421,
                        0.7582204341888428,
                        0.8428499698638916,
                        0.8858639001846313,
                        0.9617500901222229,
                        0.7457602024078369,
                        0.7880181670188904,
                        0.7448965311050415,
                        0.6393914818763733,
                        0.7007884383201599,
                        0.7111334204673767,
                        0.6938064098358154,
                        0.6574366688728333,
                        0.718461811542511,
                        0.8302443623542786,
                        0.7556622624397278,
                        0.7875370979309082,
                        0.8791142702102661,
                        0.8534039855003357,
                        0.8449921011924744
                    ],
                    [
                        0.597399115562439,
                        0.7046061754226685,
                        0.5750508308410645,
                        0.5128289461135864,
                        0.503809928894043,
                        0.3637976050376892,
                        0.3760773539543152,
                        0.4359234869480133,
                        0.4057326912879944,
                        0.4097205698490143,
                        0.3811722695827484,
                        0.35344576835632324,
                        0.37674760818481445,
                        0.3716737627983093,
                        0.4290545880794525,
                        0.42305055260658264,
                        0.40239423513412476,
                        0.45507949590682983,
                        0.4046935737133026,
                        0.2899550795555115
                    ]
                ]
            ],
            "states": [
                [
                    [
                        3453480.0,
                        1.1675143468892202e-05,
                        0.00029440681100822985,
                        672821.0625
                    ],
                    [
                        4107976.0,
                        1.1557735888345633e-05,
                        0.00028164629475213587,
                        683579.125
                    ],
                    [
                        4089152.0,
                        1.1433058716647793e-05,
                        0.00027785348356701434,
                        696568.625
                    ],
                    [
                        3556288.0,
                        1.131914814322954e-05,
                        0.00038381022750400007,
                        634586.1875
                    ],
                    [
                        2583232.0,
                        1.1229288247704972e-05,
                        0.0002961547579616308,
                        661987.4375
                    ],
                    [
                        1912808.0,
                        1.1164392162754666e-05,
                        0.00029962105327285826,
                        693806.25
                    ],
                    [
                        2088016.0,
                        1.1107291356893256e-05,
                        0.00029777659801766276,
                        580816.75
                    ],
                    [
                        2896000.0,
                        1.103698832594091e-05,
                        0.0002728095860220492,
                        525629.9375
                    ],
                    [
                        2564408.0,
                        1.0960944564430974e-05,
                        0.0002930021146312356,
                        619511.5625
                    ],
                    [
                        3921184.0,
                        1.087203600036446e-05,
                        0.0005929499748162925,
                        538834.625
                    ],
                    [
                        2794640.0,
                        1.0781384844449349e-05,
                        0.00017766767996363342,
                        677916.4375
                    ],
                    [
                        4726272.0,
                        1.0681769708753563e-05,
                        0.00018339134112466127,
                        599563.375
                    ],
                    [
                        4927544.0,
                        1.0556481356616132e-05,
                        0.00019205290300305933,
                        583179.3125
                    ],
                    [
                        5944040.0,
                        1.0418904821563046e-05,
                        0.0002024973655352369,
                        603427.0
                    ],
                    [
                        5063656.0,
                        1.0283110896125436e-05,
                        0.0002613598189782351,
                        607061.125
                    ],
                    [
                        5221488.0,
                        1.015944144455716e-05,
                        0.00023075626813806593,
                        620602.0625
                    ],
                    [
                        3421624.0,
                        1.0057716281153262e-05,
                        0.00032322804327122867,
                        608652.25
                    ],
                    [
                        3476648.0,
                        9.978034540836234e-06,
                        0.0002578554267529398,
                        617310.8125
                    ],
                    [
                        3407144.0,
                        9.899765245791059e-06,
                        0.00022438736050389707,
                        706043.875
                    ],
                    [
                        3938560.0,
                        9.817606041906402e-06,
                        0.00038321700412780046,
                        631372.625
                    ]
                ]
            ],
            "actions": [
                [
                    [
                        0.5
                    ],
                    [
                        0.5
                    ],
                    [
                        0.5
                    ],
                    [
                        0.5
                    ],
                    [
                        0.5
                    ],
                    [
                        0.5
                    ],
                    [
                        0.5
                    ],
                    [
                        0.5
                    ],
                    [
                        0.5
                    ],
                    [
                        0.5
                    ],
                    [
                        0.5
                    ],
                    [
                        0.5
                    ],
                    [
                        0.5
                    ],
                    [
                        0.5
                    ],
                    [
                        0.5
                    ],
                    [
                        0.5
                    ],
                    [
                        0.5
                    ],
                    [
                        0.5
                    ],
                    [
                        0.5
                    ],
                    [
                        0.5
                    ]
                ]
            ],
            "returns": [
                [
                    [
                        0.41369158029556274
                    ],
                    [
                        0.41279682517051697
                    ],
                    [
                        0.41188669204711914
                    ],
                    [
                        0.41097697615623474
                    ],
                    [
                        0.41007962822914124
                    ],
                    [
                        0.4092106521129608
                    ],
                    [
                        0.4083682894706726
                    ],
                    [
                        0.4075181484222412
                    ],
                    [
                        0.4066390097141266
                    ],
                    [
                        0.4057706594467163
                    ],
                    [
                        0.40486466884613037
                    ],
                    [
                        0.40398868918418884
                    ],
                    [
                        0.40306612849235535
                    ],
                    [
                        0.4021398723125458
                    ],
                    [
                        0.40119698643684387
                    ],
                    [
                        0.4002683162689209
                    ],
                    [
                        0.39933690428733826
                    ],
                    [
                        0.39844298362731934
                    ],
                    [
                        0.3975476622581482
                    ],
                    [
                        0.3966540992259979
                    ]
                ]
            ],
            "timesteps": [
                [
                    180,
                    181,
                    182,
                    183,
                    184,
                    185,
                    186,
                    187,
                    188,
                    189,
                    190,
                    191,
                    192,
                    193,
                    194,
                    195,
                    196,
                    197,
                    198,
                    199
                ]
            ],
            "labels": [
                [
                    1,
                    1,
                    1,
                    1,
                    1,
                    1,
                    1,
                    1,
                    1,
                    1,
                    1,
                    1,
                    1,
                    1,
                    1,
                    1,
                    1,
                    1,
                    1,
                    1
                ]
            ],
            "CPU Usage": 45.3,
            "RAM Usage": 58.4,
            "GPU Usage": 0.0,
            "VRAM Usage": 376.0,
            "Disk Read Speed (MB/s)": 190606.2998046875,
            "Disk Write Speed (MB/s)": 283911.7314453125
        },
        {
            "step": 1,
            "train_loss": 0.06609006226062775,
            "actions_pred1": [
                [
                    [
                        -0.21482005715370178,
                        -0.07891254872083664,
                        0.7149298787117004,
                        0.38722410798072815
                    ],
                    [
                        -0.2823939323425293,
                        0.04891384392976761,
                        0.6827604174613953,
                        0.642646074295044
                    ],
                    [
                        -0.42837968468666077,
                        -0.0306963250041008,
                        0.41585609316825867,
                        0.7589349746704102
                    ],
                    [
                        -0.46041086316108704,
                        -0.03674528747797012,
                        0.4054032862186432,
                        0.6728807687759399
                    ],
                    [
                        -0.355945348739624,
                        -0.07655848562717438,
                        0.5618351697921753,
                        0.5481092929840088
                    ],
                    [
                        -0.4221037030220032,
                        -0.01980697363615036,
                        0.7456014156341553,
                        0.540317714214325
                    ],
                    [
                        -0.4785209000110626,
                        -0.05731754004955292,
                        0.8489521145820618,
                        0.4353763461112976
                    ],
                    [
                        -0.6567679047584534,
                        -0.0340379923582077,
                        0.8424077033996582,
                        0.40494537353515625
                    ],
                    [
                        -0.5201168060302734,
                        -0.0024421289563179016,
                        0.8933355808258057,
                        0.4453926086425781
                    ],
                    [
                        -0.5707962512969971,
                        -0.016390204429626465,
                        0.9982832074165344,
                        0.4534432291984558
                    ],
                    [
                        -0.6050590872764587,
                        -0.047471411526203156,
                        0.9143643379211426,
                        0.4479803740978241
                    ],
                    [
                        -0.3233705163002014,
                        -0.2172631323337555,
                        0.909534215927124,
                        0.4242521822452545
                    ],
                    [
                        -0.4493929445743561,
                        -0.2011977732181549,
                        0.8979246616363525,
                        0.47960811853408813
                    ],
                    [
                        -0.42215386033058167,
                        -0.2283259928226471,
                        0.8255186080932617,
                        0.35139554738998413
                    ],
                    [
                        -0.34239262342453003,
                        -0.10659100115299225,
                        0.814914345741272,
                        0.4315806031227112
                    ],
                    [
                        -0.3775995969772339,
                        -0.09120072424411774,
                        0.8627352714538574,
                        0.3437424898147583
                    ],
                    [
                        -0.4239659905433655,
                        -0.016398988664150238,
                        0.8750246167182922,
                        0.38268887996673584
                    ],
                    [
                        -0.39264562726020813,
                        -0.04162139445543289,
                        0.805553674697876,
                        0.48243653774261475
                    ],
                    [
                        -0.38793590664863586,
                        -0.09440605342388153,
                        0.8714629411697388,
                        0.39804720878601074
                    ],
                    [
                        -0.39159148931503296,
                        -0.22899240255355835,
                        0.8360209465026855,
                        0.45836740732192993
                    ]
                ]
            ],
            "actions_pred": [
                [
                    [
                        -0.21482005715370178,
                        -0.2823939323425293,
                        -0.42837968468666077,
                        -0.46041086316108704,
                        -0.355945348739624,
                        -0.4221037030220032,
                        -0.4785209000110626,
                        -0.6567679047584534,
                        -0.5201168060302734,
                        -0.5707962512969971,
                        -0.6050590872764587,
                        -0.3233705163002014,
                        -0.4493929445743561,
                        -0.42215386033058167,
                        -0.34239262342453003,
                        -0.3775995969772339,
                        -0.4239659905433655,
                        -0.39264562726020813,
                        -0.38793590664863586,
                        -0.39159148931503296
                    ],
                    [
                        -0.07891254872083664,
                        0.04891384392976761,
                        -0.0306963250041008,
                        -0.03674528747797012,
                        -0.07655848562717438,
                        -0.01980697363615036,
                        -0.05731754004955292,
                        -0.0340379923582077,
                        -0.0024421289563179016,
                        -0.016390204429626465,
                        -0.047471411526203156,
                        -0.2172631323337555,
                        -0.2011977732181549,
                        -0.2283259928226471,
                        -0.10659100115299225,
                        -0.09120072424411774,
                        -0.016398988664150238,
                        -0.04162139445543289,
                        -0.09440605342388153,
                        -0.22899240255355835
                    ],
                    [
                        0.7149298787117004,
                        0.6827604174613953,
                        0.41585609316825867,
                        0.4054032862186432,
                        0.5618351697921753,
                        0.7456014156341553,
                        0.8489521145820618,
                        0.8424077033996582,
                        0.8933355808258057,
                        0.9982832074165344,
                        0.9143643379211426,
                        0.909534215927124,
                        0.8979246616363525,
                        0.8255186080932617,
                        0.814914345741272,
                        0.8627352714538574,
                        0.8750246167182922,
                        0.805553674697876,
                        0.8714629411697388,
                        0.8360209465026855
                    ],
                    [
                        0.38722410798072815,
                        0.642646074295044,
                        0.7589349746704102,
                        0.6728807687759399,
                        0.5481092929840088,
                        0.540317714214325,
                        0.4353763461112976,
                        0.40494537353515625,
                        0.4453926086425781,
                        0.4534432291984558,
                        0.4479803740978241,
                        0.4242521822452545,
                        0.47960811853408813,
                        0.35139554738998413,
                        0.4315806031227112,
                        0.3437424898147583,
                        0.38268887996673584,
                        0.48243653774261475,
                        0.39804720878601074,
                        0.45836740732192993
                    ]
                ]
            ],
            "states": [
                [
                    [
                        6621704.0,
                        1.1313585673633497e-05,
                        0.0001999229716602713,
                        484312.6875
                    ],
                    [
                        5593624.0,
                        1.1206535418750718e-05,
                        0.0002002958208322525,
                        482520.40625
                    ],
                    [
                        5813720.0,
                        1.1108420039818157e-05,
                        0.0002003357367357239,
                        504661.125
                    ],
                    [
                        6207576.0,
                        1.1006884960806929e-05,
                        0.00022690219338983297,
                        474948.0
                    ],
                    [
                        8008888.0,
                        1.0889214536291547e-05,
                        0.00020534798386506736,
                        464277.84375
                    ],
                    [
                        6072912.0,
                        1.0774994734674692e-05,
                        0.00021573639241978526,
                        487907.71875
                    ],
                    [
                        5771728.0,
                        1.0680801096896175e-05,
                        0.00024723794194869697,
                        495985.625
                    ],
                    [
                        6184408.0,
                        1.058739326253999e-05,
                        0.00024693002342246473,
                        490380.28125
                    ],
                    [
                        5453168.0,
                        1.0498003575776238e-05,
                        0.00023204070748761296,
                        479010.4375
                    ],
                    [
                        5473440.0,
                        1.0415451470180415e-05,
                        0.00018021401774603873,
                        503120.46875
                    ],
                    [
                        5495160.0,
                        1.0333877071388997e-05,
                        0.0002400711819063872,
                        501130.78125
                    ],
                    [
                        5522672.0,
                        1.0253213076794054e-05,
                        0.000246424344368279,
                        482833.53125
                    ],
                    [
                        5845344.0,
                        1.0171300345973577e-05,
                        0.0002318411279702559,
                        521404.9375
                    ],
                    [
                        5531592.0,
                        1.0090602700074669e-05,
                        0.00026174713275395334,
                        512859.59375
                    ],
                    [
                        5728288.0,
                        1.0011996891989838e-05,
                        0.0002589555806480348,
                        492848.15625
                    ],
                    [
                        8446184.0,
                        9.914833754010033e-06,
                        0.0002588448696769774,
                        439526.84375
                    ],
                    [
                        5611000.0,
                        9.82020083029056e-06,
                        0.0002629015070851892,
                        482211.375
                    ],
                    [
                        5854264.0,
                        9.744398084876593e-06,
                        0.00024613598361611366,
                        493941.5
                    ],
                    [
                        5595072.0,
                        9.669850442151073e-06,
                        0.00026028408319689333,
                        487503.5625
                    ],
                    [
                        5576248.0,
                        9.598206816008314e-06,
                        0.000249440228799358,
                        493113.71875
                    ]
                ]
            ],
            "actions": [
                [
                    [
                        0.25
                    ],
                    [
                        0.25
                    ],
                    [
                        0.25
                    ],
                    [
                        0.25
                    ],
                    [
                        0.25
                    ],
                    [
                        0.25
                    ],
                    [
                        0.25
                    ],
                    [
                        0.25
                    ],
                    [
                        0.25
                    ],
                    [
                        0.25
                    ],
                    [
                        0.25
                    ],
                    [
                        0.25
                    ],
                    [
                        0.25
                    ],
                    [
                        0.25
                    ],
                    [
                        0.25
                    ],
                    [
                        0.25
                    ],
                    [
                        0.25
                    ],
                    [
                        0.25
                    ],
                    [
                        0.25
                    ],
                    [
                        0.25
                    ]
                ]
            ],
            "returns": [
                [
                    [
                        0.22746260464191437
                    ],
                    [
                        0.22651013731956482
                    ],
                    [
                        0.2255726456642151
                    ],
                    [
                        0.22463172674179077
                    ],
                    [
                        0.22368499636650085
                    ],
                    [
                        0.22271567583084106
                    ],
                    [
                        0.22177089750766754
                    ],
                    [
                        0.22083061933517456
                    ],
                    [
                        0.2198842167854309
                    ],
                    [
                        0.21894897520542145
                    ],
                    [
                        0.21801340579986572
                    ],
                    [
                        0.21707747876644135
                    ],
                    [
                        0.21614111959934235
                    ],
                    [
                        0.21519970893859863
                    ],
                    [
                        0.2142632007598877
                    ],
                    [
                        0.21332359313964844
                    ],
                    [
                        0.2123495638370514
                    ],
                    [
                        0.21141178905963898
                    ],
                    [
                        0.2104702591896057
                    ],
                    [
                        0.2095327377319336
                    ]
                ]
            ],
            "timesteps": [
                [
                    380,
                    381,
                    382,
                    383,
                    384,
                    385,
                    386,
                    387,
                    388,
                    389,
                    390,
                    391,
                    392,
                    393,
                    394,
                    395,
                    396,
                    397,
                    398,
                    399
                ]
            ],
            "labels": [
                [
                    0,
                    0,
                    0,
                    0,
                    0,
                    0,
                    0,
                    0,
                    0,
                    0,
                    0,
                    0,
                    0,
                    0,
                    0,
                    0,
                    0,
                    0,
                    0,
                    0
                ]
            ],
            "CPU Usage": 47.8,
            "RAM Usage": 59.0,
            "GPU Usage": 0.0,
            "VRAM Usage": 376.0,
            "Disk Read Speed (MB/s)": 190606.2998046875,
            "Disk Write Speed (MB/s)": 283912.1337890625
        },
        {
            "step": 2,
            "train_loss": 0.057014018297195435,
            "actions_pred1": [
                [
                    [
                        -0.08552654087543488,
                        -0.24513782560825348,
                        0.9084388017654419,
                        0.2742062509059906
                    ],
                    [
                        -0.22276118397712708,
                        -0.035524070262908936,
                        0.8286662101745605,
                        0.32780760526657104
                    ],
                    [
                        -0.2644195556640625,
                        -0.05511534959077835,
                        0.932438850402832,
                        0.27984151244163513
                    ],
                    [
                        -0.13126197457313538,
                        -0.11157266050577164,
                        0.8669248223304749,
                        0.34872686862945557
                    ],
                    [
                        -0.21667009592056274,
                        -0.047262564301490784,
                        0.8519465327262878,
                        0.25617802143096924
                    ],
                    [
                        0.008101426064968109,
                        -0.10409887880086899,
                        0.7908532619476318,
                        0.4362329840660095
                    ],
                    [
                        0.07086227834224701,
                        -0.08116947114467621,
                        0.8307428359985352,
                        0.47086867690086365
                    ],
                    [
                        0.057867132127285004,
                        -0.14498551189899445,
                        0.8550668954849243,
                        0.26208680868148804
                    ],
                    [
                        0.025073908269405365,
                        -0.10252389311790466,
                        0.94000244140625,
                        0.17495596408843994
                    ],
                    [
                        -0.1540343165397644,
                        0.01778271421790123,
                        1.0154601335525513,
                        0.23619034886360168
                    ],
                    [
                        -0.18499186635017395,
                        -0.036879584193229675,
                        0.6958667039871216,
                        0.29165118932724
                    ],
                    [
                        -0.1632710099220276,
                        -0.13135623931884766,
                        0.6956340074539185,
                        0.39790624380111694
                    ],
                    [
                        -0.15764303505420685,
                        -0.03021850436925888,
                        0.7155581712722778,
                        0.44707348942756653
                    ],
                    [
                        -0.14903958141803741,
                        -0.06043027341365814,
                        0.5783966183662415,
                        0.5552315711975098
                    ],
                    [
                        -0.17534932494163513,
                        -0.13598407804965973,
                        0.5964676141738892,
                        0.5045067071914673
                    ],
                    [
                        -0.19646048545837402,
                        0.02788570523262024,
                        0.6038233637809753,
                        0.2994847595691681
                    ],
                    [
                        -0.1994791030883789,
                        0.010797940194606781,
                        0.712552011013031,
                        0.3321104049682617
                    ],
                    [
                        -0.2177002876996994,
                        -0.034053973853588104,
                        0.7233824729919434,
                        0.470782995223999
                    ],
                    [
                        -0.23193058371543884,
                        0.021001044660806656,
                        0.68193119764328,
                        0.5069546699523926
                    ],
                    [
                        -0.03800468146800995,
                        -0.06574304401874542,
                        0.5627076625823975,
                        0.40486451983451843
                    ]
                ]
            ],
            "actions_pred": [
                [
                    [
                        -0.08552654087543488,
                        -0.22276118397712708,
                        -0.2644195556640625,
                        -0.13126197457313538,
