{
    "steps": [
        {
            "step": 0,
            "train_loss": 0.06256716698408127,
            "actions_pred1": [
                [
                    [
                        -0.34206968545913696,
                        -0.37204283475875854,
                        0.6821451187133789,
                        0.5855286121368408
                    ],
                    [
                        -0.4445589780807495,
                        -0.2296462506055832,
                        0.7667545080184937,
                        0.4884116053581238
                    ],
                    [
                        -0.5371559262275696,
                        -0.16877713799476624,
                        0.6731884479522705,
                        0.47673332691192627
                    ],
                    [
                        -0.30190443992614746,
                        -0.18144674599170685,
                        0.6025121212005615,
                        0.5674310922622681
                    ],
                    [
                        -0.2937694787979126,
                        -0.14351019263267517,
                        0.6335344314575195,
                        0.43120700120925903
                    ],
                    [
                        -0.17855238914489746,
                        -0.042839765548706055,
                        0.6802201271057129,
                        0.33793070912361145
                    ],
                    [
                        -0.21983245015144348,
                        0.05946122109889984,
                        0.7492449283599854,
                        0.3766357898712158
                    ],
                    [
                        -0.35945838689804077,
                        0.22348394989967346,
                        0.7585833072662354,
                        0.37760552763938904
                    ],
                    [
                        -0.37717798352241516,
                        0.07757019251585007,
                        0.7927837371826172,
                        0.504563570022583
                    ],
                    [
                        -0.4239732623100281,
                        0.15473291277885437,
                        0.6344106197357178,
                        0.5363112688064575
                    ],
                    [
                        -0.4190102219581604,
                        0.17305582761764526,
                        0.5599792003631592,
                        0.4504513740539551
                    ],
                    [
                        -0.29084381461143494,
                        0.070989228785038,
                        0.5558167695999146,
                        0.396200954914093
                    ],
                    [
                        -0.3458210229873657,
                        0.0638519674539566,
                        0.6774822473526001,
                        0.4315432906150818
                    ],
                    [
                        -0.20191669464111328,
                        0.1544436514377594,
                        0.6810466647148132,
                        0.4917462468147278
                    ],
                    [
                        -0.23229087889194489,
                        0.13462471961975098,
                        0.6225577592849731,
                        0.526482105255127
                    ],
                    [
                        -0.23265063762664795,
                        0.11345791816711426,
                        0.6496956944465637,
                        0.4807624816894531
                    ],
                    [
                        -0.2990933060646057,
                        0.07221747934818268,
                        0.6225095987319946,
                        0.5126359462738037
                    ],
                    [
                        -0.519081711769104,
                        0.03366924822330475,
                        0.49734511971473694,
                        0.5110694766044617
                    ],
                    [
                        -0.4133623242378235,
                        -0.001721702516078949,
                        0.5653859376907349,
                        0.5963756442070007
                    ],
                    [
                        -0.3123823404312134,
                        0.1513921320438385,
                        0.5912854075431824,
                        0.5465726852416992
                    ]
                ]
            ],
            "actions_pred": [
                [
                    [
                        -0.34206968545913696,
                        -0.4445589780807495,
                        -0.5371559262275696,
                        -0.30190443992614746,
                        -0.2937694787979126,
                        -0.17855238914489746,
                        -0.21983245015144348,
                        -0.35945838689804077,
                        -0.37717798352241516,
                        -0.4239732623100281,
                        -0.4190102219581604,
                        -0.29084381461143494,
                        -0.3458210229873657,
                        -0.20191669464111328,
                        -0.23229087889194489,
                        -0.23265063762664795,
                        -0.2990933060646057,
                        -0.519081711769104,
                        -0.4133623242378235,
                        -0.3123823404312134
                    ],
                    [
                        -0.37204283475875854,
                        -0.2296462506055832,
                        -0.16877713799476624,
                        -0.18144674599170685,
                        -0.14351019263267517,
                        -0.042839765548706055,
                        0.05946122109889984,
                        0.22348394989967346,
                        0.07757019251585007,
                        0.15473291277885437,
                        0.17305582761764526,
                        0.070989228785038,
                        0.0638519674539566,
                        0.1544436514377594,
                        0.13462471961975098,
                        0.11345791816711426,
                        0.07221747934818268,
                        0.03366924822330475,
                        -0.001721702516078949,
                        0.1513921320438385
                    ],
                    [
                        0.6821451187133789,
                        0.7667545080184937,
                        0.6731884479522705,
                        0.6025121212005615,
                        0.6335344314575195,
                        0.6802201271057129,
                        0.7492449283599854,
                        0.7585833072662354,
                        0.7927837371826172,
                        0.6344106197357178,
                        0.5599792003631592,
                        0.5558167695999146,
                        0.6774822473526001,
                        0.6810466647148132,
                        0.6225577592849731,
                        0.6496956944465637,
                        0.6225095987319946,
                        0.49734511971473694,
                        0.5653859376907349,
                        0.5912854075431824
                    ],
                    [
                        0.5855286121368408,
                        0.4884116053581238,
                        0.47673332691192627,
                        0.5674310922622681,
                        0.43120700120925903,
                        0.33793070912361145,
                        0.3766357898712158,
                        0.37760552763938904,
                        0.504563570022583,
                        0.5363112688064575,
                        0.4504513740539551,
                        0.396200954914093,
                        0.4315432906150818,
                        0.4917462468147278,
                        0.526482105255127,
                        0.4807624816894531,
                        0.5126359462738037,
                        0.5110694766044617,
                        0.5963756442070007,
                        0.5465726852416992
                    ]
                ]
            ],
            "states": [
                [
                    [
                        9174528.0,
                        1.5287421774701215e-05,
                        0.00015401413838844746,
                        462799.78125
                    ],
                    [
                        9721872.0,
                        1.4988291695772205e-05,
                        0.00014908269804436713,
                        471413.40625
                    ],
                    [
                        8650352.0,
                        1.4708337403135374e-05,
                        0.00013771618250757456,
                        476596.0
                    ],
                    [
                        9385704.0,
                        1.4443650798057206e-05,
                        0.000157010683324188,
                        448618.75
                    ],
                    [
                        9197696.0,
                        1.4180617654346861e-05,
                        0.00013674897491000593,
                        456343.53125
                    ],
                    [
                        9271544.0,
                        1.392852846038295e-05,
                        0.000155533998622559,
                        449987.3125
                    ],
                    [
                        8570712.0,
                        1.3693322216568049e-05,
                        0.00014997956168372184,
                        453578.0625
                    ],
                    [
                        9304848.0,
                        1.346561111859046e-05,
                        0.0001673756050877273,
                        435181.0625
                    ],
                    [
                        8921128.0,
                        1.3241030501376372e-05,
                        0.00015327449364122003,
                        460544.8125
                    ],
                    [
                        8646008.0,
                        1.303156568610575e-05,
                        0.00015547996736131608,
                        463163.09375
                    ],
                    [
                        8767640.0,
                        1.2830393643525895e-05,
                        0.00015675314352847636,
                        458172.0625
                    ],
                    [
                        8076944.0,
                        1.2641571629501414e-05,
                        0.00016837925068102777,
                        477030.90625
                    ],
                    [
                        8123280.0,
                        1.2465176951081958e-05,
                        0.00015461879957001656,
                        493767.40625
                    ],
                    [
                        8650352.0,
                        1.228769360750448e-05,
                        0.00016164440603461117,
                        451473.28125
                    ],
                    [
                        7982824.0,
                        1.211656035593478e-05,
                        0.00016790036170277745,
                        481186.15625
                    ],
                    [
                        7248688.0,
                        1.1963955330429599e-05,
                        0.00016397373110521585,
                        490311.46875
                    ],
                    [
                        7208144.0,
                        1.1822661690530367e-05,
                        0.00017705760546959937,
                        472943.71875
                    ],
                    [
                        7193664.0,
                        1.1685199751809705e-05,
                        0.000179134716745466,
                        469996.125
                    ],
                    [
                        6442152.0,
                        1.1557923244254198e-05,
                        0.00016420705651398748,
                        470480.40625
                    ],
                    [
                        6989496.0,
                        1.1435274245741311e-05,
                        0.00018320638628210872,
                        451753.78125
                    ]
                ]
            ],
            "actions": [
                [
                    [
                        0.25
                    ],
                    [
                        0.25
                    ],
                    [
                        0.25
                    ],
                    [
                        0.25
                    ],
                    [
                        0.25
                    ],
                    [
                        0.25
                    ],
                    [
                        0.25
                    ],
                    [
                        0.25
                    ],
                    [
                        0.25
                    ],
                    [
                        0.25
                    ],
                    [
                        0.25
                    ],
                    [
                        0.25
                    ],
                    [
                        0.25
                    ],
                    [
                        0.25
                    ],
                    [
                        0.25
                    ],
                    [
                        0.25
                    ],
                    [
                        0.25
                    ],
                    [
                        0.25
                    ],
                    [
                        0.25
                    ],
                    [
                        0.25
                    ]
                ]
            ],
            "returns": [
                [
                    [
                        0.2469175159931183
                    ],
                    [
                        0.24593615531921387
                    ],
                    [
                        0.24494965374469757
                    ],
                    [
                        0.2439734935760498
                    ],
                    [
                        0.24299012124538422
                    ],
                    [
                        0.2420085221529007
                    ],
                    [
                        0.24102622270584106
                    ],
                    [
                        0.24005089700222015
                    ],
                    [
                        0.23906828463077545
                    ],
                    [
                        0.2380893975496292
                    ],
                    [
                        0.23711329698562622
                    ],
                    [
                        0.23613594472408295
                    ],
                    [
                        0.23516587913036346
                    ],
                    [
                        0.2341953068971634
                    ],
                    [
                        0.23321916162967682
                    ],
                    [
                        0.2322501242160797
                    ],
                    [
                        0.23128965497016907
                    ],
                    [
                        0.23032966256141663
                    ],
                    [
                        0.2293698638677597
                    ],
                    [
                        0.22841985523700714
                    ]
                ]
            ],
            "timesteps": [
                [
                    360,
                    361,
                    362,
                    363,
                    364,
                    365,
                    366,
                    367,
                    368,
                    369,
                    370,
                    371,
                    372,
                    373,
                    374,
                    375,
                    376,
                    377,
                    378,
                    379
                ]
            ],
            "labels": [
                [
                    0,
                    0,
                    0,
                    0,
                    0,
                    0,
                    0,
                    0,
                    0,
                    0,
                    0,
                    0,
                    0,
                    0,
                    0,
                    0,
                    0,
                    0,
                    0,
                    0
                ]
            ],
            "CPU Usage": 44.6,
            "RAM Usage": 57.8,
            "GPU Usage": 0.0,
            "VRAM Usage": 551.0,
            "Disk Read Speed (MB/s)": 190568.439453125,
            "Disk Write Speed (MB/s)": 279427.7861328125
        },
        {
            "step": 1,
            "train_loss": 0.054906655102968216,
            "actions_pred1": [
                [
                    [
                        0.0015166252851486206,
                        -0.0669509768486023,
                        0.6752915978431702,
                        0.6408494114875793
                    ],
                    [
                        -0.11924192309379578,
                        -0.059412166476249695,
                        0.5598689913749695,
                        0.6002174615859985
                    ],
                    [
                        -0.2011435627937317,
                        -0.3334057033061981,
                        0.377017617225647,
                        0.43182867765426636
                    ],
                    [
                        -0.13167358934879303,
                        -0.26921990513801575,
                        0.33385616540908813,
                        0.34524255990982056
                    ],
                    [
                        -0.17822715640068054,
                        -0.24272647500038147,
                        0.43635842204093933,
                        0.3155835270881653
                    ],
                    [
                        -0.2747577428817749,
                        -0.100201316177845,
                        0.5253664255142212,
                        0.28950923681259155
                    ],
                    [
                        -0.08521154522895813,
                        -0.2139720320701599,
                        0.4683871865272522,
                        0.2649788558483124
                    ],
                    [
                        -0.14159467816352844,
                        -0.16781994700431824,
                        0.45241549611091614,
                        0.2583571672439575
                    ],
                    [
                        -0.18950942158699036,
                        -0.07595094293355942,
                        0.7136751413345337,
                        0.19349141418933868
                    ],
                    [
                        -0.10290230810642242,
                        -0.02270505577325821,
                        0.704267144203186,
                        0.25453701615333557
                    ],
                    [
                        -0.17223197221755981,
                        -0.12023020535707474,
                        0.7020688056945801,
                        0.2982916831970215
                    ],
                    [
                        -0.15511788427829742,
                        -0.09707573056221008,
                        0.5963788032531738,
                        0.3213169574737549
                    ],
                    [
                        -0.14825215935707092,
                        -0.07283326983451843,
                        0.6140046119689941,
                        0.3663952350616455
                    ],
                    [
                        -0.16337613761425018,
                        -0.0447344034910202,
                        0.6976495981216431,
                        0.4978370666503906
                    ],
                    [
                        -0.1512296348810196,
                        -0.09787541627883911,
                        0.6948608160018921,
                        0.48428624868392944
                    ],
                    [
                        -0.13656775653362274,
                        -0.2403281033039093,
                        0.4505244195461273,
                        0.4574127793312073
                    ],
                    [
                        -0.13098523020744324,
                        -0.12695425748825073,
                        0.49464523792266846,
                        0.3540914058685303
                    ],
                    [
                        -0.19476327300071716,
                        -0.1250627338886261,
                        0.4871804416179657,
                        0.4044750928878784
                    ],
                    [
                        -0.2295692414045334,
                        -0.11308492720127106,
                        0.5793957114219666,
                        0.42849329113960266
                    ],
                    [
                        -0.21984507143497467,
                        -0.0906112790107727,
                        0.6739723682403564,
                        0.3522104024887085
                    ]
                ]
            ],
            "actions_pred": [
                [
                    [
                        0.0015166252851486206,
                        -0.11924192309379578,
                        -0.2011435627937317,
                        -0.13167358934879303,
                        -0.17822715640068054,
                        -0.2747577428817749,
                        -0.08521154522895813,
                        -0.14159467816352844,
                        -0.18950942158699036,
                        -0.10290230810642242,
                        -0.17223197221755981,
                        -0.15511788427829742,
                        -0.14825215935707092,
                        -0.16337613761425018,
                        -0.1512296348810196,
                        -0.13656775653362274,
                        -0.13098523020744324,
                        -0.19476327300071716,
                        -0.2295692414045334,
                        -0.21984507143497467
                    ],
                    [
                        -0.0669509768486023,
                        -0.059412166476249695,
                        -0.3334057033061981,
                        -0.26921990513801575,
                        -0.24272647500038147,
                        -0.100201316177845,
                        -0.2139720320701599,
                        -0.16781994700431824,
                        -0.07595094293355942,
                        -0.02270505577325821,
                        -0.12023020535707474,
                        -0.09707573056221008,
                        -0.07283326983451843,
                        -0.0447344034910202,
                        -0.09787541627883911,
                        -0.2403281033039093,
                        -0.12695425748825073,
                        -0.1250627338886261,
                        -0.11308492720127106,
                        -0.0906112790107727
                    ],
                    [
                        0.6752915978431702,
                        0.5598689913749695,
                        0.377017617225647,
                        0.33385616540908813,
                        0.43635842204093933,
                        0.5253664255142212,
                        0.4683871865272522,
                        0.45241549611091614,
                        0.7136751413345337,
                        0.704267144203186,
                        0.7020688056945801,
                        0.5963788032531738,
                        0.6140046119689941,
                        0.6976495981216431,
                        0.6948608160018921,
                        0.4505244195461273,
                        0.49464523792266846,
                        0.4871804416179657,
                        0.5793957114219666,
                        0.6739723682403564
                    ],
                    [
                        0.6408494114875793,
                        0.6002174615859985,
                        0.43182867765426636,
                        0.34524255990982056,
                        0.3155835270881653,
                        0.28950923681259155,
                        0.2649788558483124,
                        0.2583571672439575,
                        0.19349141418933868,
                        0.25453701615333557,
                        0.2982916831970215,
                        0.3213169574737549,
                        0.3663952350616455,
                        0.4978370666503906,
                        0.48428624868392944,
                        0.4574127793312073,
                        0.3540914058685303,
                        0.4044750928878784,
                        0.42849329113960266,
                        0.3522104024887085
                    ]
                ]
            ],
            "states": [
                [
                    [
                        5130264.0,
                        9.53052585828118e-06,
                        0.00017112551722675562,
                        484343.53125
                    ],
                    [
                        5473440.0,
                        9.464440154260956e-06,
                        0.00025726869353093207,
                        530369.25
                    ],
                    [
                        5615344.0,
                        9.396303539688233e-06,
                        0.000244751397985965,
                        507658.4375
                    ],
                    [
                        5705120.0,
                        9.327747648057994e-06,
                        0.0002547030453570187,
                        475297.125
                    ],
                    [
                        5661680.0,
                        9.25990843825275e-06,
                        0.0002602769818622619,
                        509474.46875
                    ],
                    [
                        5626928.0,
                        9.193505320581608e-06,
                        0.00028401854797266424,
                        512406.875
                    ],
                    [
                        7240000.0,
                        9.118992238654755e-06,
                        0.00026182830333709717,
                        473767.34375
                    ],
                    [
                        6098976.0,
                        9.042967576533556e-06,
                        0.00025427230866625905,
                        486137.84375
                    ],
                    [
                        5957072.0,
                        8.975355740403756e-06,
                        0.00025071317213587463,
                        481721.90625
                    ],
                    [
                        6045400.0,
                        8.909044481697492e-06,
                        0.000257556646829471,
                        512695.15625
                    ],
                    [
                        5554528.0,
                        8.845872798701748e-06,
                        0.0002534309751354158,
                        490408.03125
                    ],
                    [
                        5395248.0,
                        8.787061233306304e-06,
                        0.00019772094674408436,
                        502051.125
                    ],
                    [
                        6014992.0,
                        8.726612577447668e-06,
                        0.00023689404770266265,
                        496127.90625
                    ],
                    [
                        5615344.0,
                        8.665836503496394e-06,
                        0.00024040597782004625,
                        497831.1875
                    ],
                    [
                        5961416.0,
                        8.60618456499651e-06,
                        0.00023798528127372265,
                        498399.9375
                    ],
                    [
                        5690640.0,
                        8.546960089006461e-06,
                        0.0002599294239189476,
                        501903.53125
                    ],
                    [
                        6043952.0,
                        8.48813488119049e-06,
                        0.0002636733988765627,
                        501576.46875
                    ],
                    [
                        7975584.0,
                        8.418936886300799e-06,
                        0.00023683813924435526,
                        444337.65625
                    ],
                    [
                        5891912.0,
                        8.351544238394126e-06,
                        0.0002558637352194637,
                        498428.25
                    ],
                    [
                        6125040.0,
                        8.294033250422217e-06,
                        0.00024174025747925043,
                        501703.09375
                    ]
                ]
            ],
            "actions": [
                [
                    [
                        0.25
                    ],
                    [
                        0.25
                    ],
                    [
                        0.25
                    ],
                    [
                        0.25
                    ],
                    [
                        0.25
                    ],
                    [
                        0.25
                    ],
                    [
                        0.25
                    ],
                    [
                        0.25
                    ],
                    [
                        0.25
                    ],
                    [
                        0.25
                    ],
                    [
                        0.25
                    ],
                    [
                        0.25
                    ],
                    [
                        0.25
                    ],
                    [
                        0.25
                    ],
                    [
                        0.25
                    ],
                    [
                        0.25
                    ],
                    [
                        0.25
                    ],
                    [
                        0.25
                    ],
                    [
                        0.25
                    ],
                    [
                        0.25
                    ]
                ]
            ],
            "returns": [
                [
                    [
                        0.20859551429748535
                    ],
                    [
                        0.20766568183898926
                    ],
                    [
                        0.20673011243343353
                    ],
                    [
                        0.20579227805137634
                    ],
                    [
                        0.20485302805900574
                    ],
                    [
                        0.20391446352005005
                    ],
                    [
                        0.20297643542289734
                    ],
                    [
                        0.20201605558395386
                    ],
                    [
                        0.2010708898305893
                    ],
                    [
                        0.20012782514095306
                    ],
                    [
                        0.19918343424797058
                    ],
                    [
                        0.1982465535402298
                    ],
                    [
                        0.19731226563453674
                    ],
                    [
                        0.19636832177639008
                    ],
                    [
                        0.19543048739433289
                    ],
                    [
                        0.19448734819889069
                    ],
                    [
                        0.193548321723938
                    ],
                    [
                        0.1926039606332779
                    ],
                    [
                        0.19163501262664795
                    ],
                    [
                        0.19069290161132812
                    ]
                ]
            ],
            "timesteps": [
                [
                    400,
                    401,
                    402,
                    403,
                    404,
                    405,
                    406,
                    407,
                    408,
                    409,
                    410,
                    411,
                    412,
                    413,
                    414,
                    415,
                    416,
                    417,
                    418,
                    419
                ]
            ],
            "labels": [
                [
                    0,
                    0,
                    0,
                    0,
                    0,
                    0,
                    0,
                    0,
                    0,
                    0,
                    0,
                    0,
                    0,
                    0,
                    0,
                    0,
                    0,
                    0,
                    0,
                    0
                ]
            ],
            "CPU Usage": 47.0,
            "RAM Usage": 59.1,
            "GPU Usage": 0.0,
            "VRAM Usage": 546.0,
            "Disk Read Speed (MB/s)": 190568.439453125,
            "Disk Write Speed (MB/s)": 279428.0908203125
        },
        {
            "step": 2,
            "train_loss": 0.06455694139003754,
            "actions_pred1": [
                [
                    [
                        0.17956650257110596,
                        -0.4767179489135742,
                        0.817015528678894,
                        0.9207277894020081
                    ],
                    [
                        0.08560983836650848,
                        -0.34108519554138184,
                        0.8514041900634766,
                        0.7821643352508545
                    ],
                    [
                        -0.22570368647575378,
                        -0.24836954474449158,
                        0.7544642090797424,
                        0.5904744267463684
                    ],
                    [
                        -0.40758347511291504,
                        -0.2535119354724884,
                        0.7392503023147583,
                        0.5764459371566772
                    ],
                    [
                        -0.461941123008728,
                        -0.21862944960594177,
                        0.7179691195487976,
                        0.5617052912712097
                    ],
                    [
                        -0.5197753310203552,
                        -0.27977168560028076,
                        0.7538614869117737,
                        0.5452065467834473
                    ],
                    [
                        -0.5674861669540405,
                        -0.31105363368988037,
                        0.7868785858154297,
                        0.530858039855957
                    ],
                    [
                        -0.6529307961463928,
                        -0.22132134437561035,
                        0.8428370356559753,
                        0.517397940158844
                    ],
                    [
                        -0.42719343304634094,
                        -0.20932677388191223,
                        0.8329072594642639,
                        0.5180754661560059
                    ],
                    [
                        -0.3559621274471283,
                        -0.28108131885528564,
                        0.8825310468673706,
                        0.4223632514476776
                    ],
                    [
                        -0.3345875144004822,
                        -0.26982852816581726,
                        0.6208795309066772,
                        0.5738639235496521
                    ],
                    [
                        -0.30995187163352966,
                        -0.2500351071357727,
                        0.7060691714286804,
                        0.5559369325637817
                    ],
                    [
                        -0.3350698947906494,
                        -0.20338311791419983,
                        0.6594505310058594,
                        0.6461213827133179
                    ],
                    [
                        -0.40955984592437744,
                        -0.13054288923740387,
                        0.7977141737937927,
                        0.607213020324707
                    ],
                    [
                        -0.42177486419677734,
                        -0.10114773362874985,
                        0.8797793388366699,
                        0.49884727597236633
                    ],
                    [
                        -0.4465862512588501,
                        -0.12634828686714172,
                        0.8805021643638611,
                        0.5030046701431274
                    ],
                    [
                        -0.4433957636356354,
                        -0.21295729279518127,
                        0.764840841293335,
                        0.538851261138916
                    ],
                    [
                        -0.47940412163734436,
                        -0.16741523146629333,
                        0.7999133467674255,
                        0.5062110424041748
                    ],
                    [
                        -0.4271155297756195,
                        -0.0369584783911705,
                        0.8129218816757202,
                        0.4836481213569641
                    ],
                    [
                        -0.33663034439086914,
                        -0.018404550850391388,
                        0.7324597239494324,
                        0.5585052967071533
                    ]
                ]
            ],
            "actions_pred": [
                [
                    [
                        0.17956650257110596,
                        0.08560983836650848,
                        -0.22570368647575378,
                        -0.40758347511291504,
                        -0.461941123008728,
