{
    "steps": [
        {
            "step": 0,
            "train_loss": 0.05322962999343872,
            "actions_pred1": [
                [
                    [
                        -0.25572484731674194,
                        -0.2776745557785034,
                        0.7701821327209473,
                        0.21860046684741974
                    ],
                    [
                        -0.1742672324180603,
                        -0.13199102878570557,
                        0.7638067007064819,
                        0.34363818168640137
                    ],
                    [
                        -0.16234338283538818,
                        -0.0865757092833519,
                        0.7603222727775574,
                        0.4730915129184723
                    ],
                    [
                        -0.11176680773496628,
                        -0.028404168784618378,
                        0.7851618528366089,
                        0.45368698239326477
                    ],
                    [
                        -0.2529735565185547,
                        0.07145616412162781,
                        0.8138832449913025,
                        0.3398331105709076
                    ],
                    [
                        -0.19721341133117676,
                        0.12895336747169495,
                        0.859699547290802,
                        0.2823735475540161
                    ],
                    [
                        -0.2426336705684662,
                        0.10339049249887466,
                        0.9181056618690491,
                        0.2650206983089447
                    ],
                    [
                        -0.25623470544815063,
                        0.05851172283291817,
                        0.911864161491394,
                        0.3459182381629944
                    ],
                    [
                        -0.3517259359359741,
                        0.18903888761997223,
                        0.8855546116828918,
                        0.3691265881061554
                    ],
                    [
                        -0.2618167996406555,
                        0.0209246426820755,
                        0.8942843675613403,
                        0.48794007301330566
                    ],
                    [
                        -0.17889082431793213,
                        -0.02366788685321808,
                        0.8946574926376343,
                        0.4801061749458313
                    ],
                    [
                        -0.3164968192577362,
                        -0.05213599652051926,
                        0.8631958961486816,
                        0.391147643327713
                    ],
                    [
                        -0.46565011143684387,
                        0.054288916289806366,
                        0.694048285484314,
                        0.41642487049102783
                    ],
                    [
                        -0.4007214903831482,
                        0.12354904413223267,
                        0.7913197875022888,
                        0.3946317434310913
                    ],
                    [
                        -0.30172309279441833,
                        0.02324148267507553,
                        0.7906899452209473,
                        0.4464567303657532
                    ],
                    [
                        -0.2674981951713562,
                        0.002084292471408844,
                        0.7729038596153259,
                        0.4419655203819275
                    ],
                    [
                        -0.22965885698795319,
                        0.016829997301101685,
                        0.84934002161026,
                        0.4380733072757721
                    ],
                    [
                        -0.24956047534942627,
                        -0.017133913934230804,
                        0.7953613996505737,
                        0.3999267816543579
                    ],
                    [
                        -0.35318291187286377,
                        -0.04635607451200485,
                        0.8757526874542236,
                        0.2537608742713928
                    ],
                    [
                        -0.30750805139541626,
                        0.01693582534790039,
                        0.8945478200912476,
                        0.26969045400619507
                    ]
                ]
            ],
            "actions_pred": [
                [
                    [
                        -0.25572484731674194,
                        -0.1742672324180603,
                        -0.16234338283538818,
                        -0.11176680773496628,
                        -0.2529735565185547,
                        -0.19721341133117676,
                        -0.2426336705684662,
                        -0.25623470544815063,
                        -0.3517259359359741,
                        -0.2618167996406555,
                        -0.17889082431793213,
                        -0.3164968192577362,
                        -0.46565011143684387,
                        -0.4007214903831482,
                        -0.30172309279441833,
                        -0.2674981951713562,
                        -0.22965885698795319,
                        -0.24956047534942627,
                        -0.35318291187286377,
                        -0.30750805139541626
                    ],
                    [
                        -0.2776745557785034,
                        -0.13199102878570557,
                        -0.0865757092833519,
                        -0.028404168784618378,
                        0.07145616412162781,
                        0.12895336747169495,
                        0.10339049249887466,
                        0.05851172283291817,
                        0.18903888761997223,
                        0.0209246426820755,
                        -0.02366788685321808,
                        -0.05213599652051926,
                        0.054288916289806366,
                        0.12354904413223267,
                        0.02324148267507553,
                        0.002084292471408844,
                        0.016829997301101685,
                        -0.017133913934230804,
                        -0.04635607451200485,
                        0.01693582534790039
                    ],
                    [
                        0.7701821327209473,
                        0.7638067007064819,
                        0.7603222727775574,
                        0.7851618528366089,
                        0.8138832449913025,
                        0.859699547290802,
                        0.9181056618690491,
                        0.911864161491394,
                        0.8855546116828918,
                        0.8942843675613403,
                        0.8946574926376343,
                        0.8631958961486816,
                        0.694048285484314,
                        0.7913197875022888,
                        0.7906899452209473,
                        0.7729038596153259,
                        0.84934002161026,
                        0.7953613996505737,
                        0.8757526874542236,
                        0.8945478200912476
                    ],
                    [
                        0.21860046684741974,
                        0.34363818168640137,
                        0.4730915129184723,
                        0.45368698239326477,
                        0.3398331105709076,
                        0.2823735475540161,
                        0.2650206983089447,
                        0.3459182381629944,
                        0.3691265881061554,
                        0.48794007301330566,
                        0.4801061749458313,
                        0.391147643327713,
                        0.41642487049102783,
                        0.3946317434310913,
                        0.4464567303657532,
                        0.4419655203819275,
                        0.4380733072757721,
                        0.3999267816543579,
                        0.2537608742713928,
                        0.26969045400619507
                    ]
                ]
            ],
            "states": [
                [
                    [
                        4791432.0,
                        3.087877848884091e-05,
                        0.00023075626813806593,
                        506720.5
                    ],
                    [
                        3692400.0,
                        2.9973596610943787e-05,
                        0.00032322804327122867,
                        492666.6875
                    ],
                    [
                        4952160.0,
                        2.9106702641001903e-05,
                        0.0002578554267529398,
                        491613.3125
                    ],
                    [
                        4808808.0,
                        2.818479697452858e-05,
                        0.00022438736050389707,
                        480345.5
                    ],
                    [
                        4978224.0,
                        2.7317544663674198e-05,
                        0.00038321700412780046,
                        500271.75
                    ],
                    [
                        5354704.0,
                        2.645807217049878e-05,
                        0.0004527103737927973,
                        496069.53125
                    ],
                    [
                        3554840.0,
                        2.5757775802048855e-05,
                        0.00029970589093863964,
                        504121.5
                    ],
                    [
                        5330088.0,
                        2.5097764591919258e-05,
                        0.00026218051789328456,
                        473636.59375
                    ],
                    [
                        7706256.0,
                        2.4188775569200516e-05,
                        0.0002925366861745715,
                        550715.1875
                    ],
                    [
                        7687432.0,
                        2.319453051313758e-05,
                        0.00028024095809087157,
                        523717.84375
                    ],
                    [
                        6233640.0,
                        1.9415590941207483e-05,
                        0.0001758198341121897,
                        575309.5
                    ],
                    [
                        6330656.0,
                        1.8885328245232813e-05,
                        0.00013516498438548297,
                        576038.875
                    ],
                    [
                        2227024.0,
                        1.8539429220254533e-05,
                        0.0001646996388444677,
                        615099.8125
                    ],
                    [
                        3611312.0,
                        1.8311515304958448e-05,
                        0.0001985474955290556,
                        642490.9375
                    ],
                    [
                        5732632.0,
                        1.795835305529181e-05,
                        0.0002949792833533138,
                        564533.125
                    ],
                    [
                        5175152.0,
                        1.7562215361976996e-05,
                        0.0007080274517647922,
                        561933.4375
                    ],
                    [
                        4907272.0,
                        1.721135777188465e-05,
                        0.0013480978086590767,
                        618870.0
                    ],
                    [
                        4346896.0,
                        1.6901381968636997e-05,
                        0.0014468225417658687,
                        555341.1875
                    ],
                    [
                        5007184.0,
                        1.6599440641584806e-05,
                        0.0019480990013107657,
                        605693.8125
                    ],
                    [
                        5735528.0,
                        1.6265725207631476e-05,
                        0.002926501678302884,
                        601773.625
                    ]
                ]
            ],
            "actions": [
                [
                    [
                        0.5
                    ],
                    [
                        0.5
                    ],
                    [
                        0.5
                    ],
                    [
                        0.5
                    ],
                    [
                        0.5
                    ],
                    [
                        0.5
                    ],
                    [
                        0.5
                    ],
                    [
                        0.5
                    ],
                    [
                        0.5
                    ],
                    [
                        0.5
                    ],
                    [
                        0.5
                    ],
                    [
                        0.5
                    ],
                    [
                        0.5
                    ],
                    [
                        0.5
                    ],
                    [
                        0.5
                    ],
                    [
                        0.5
                    ],
                    [
                        0.5
                    ],
                    [
                        0.5
                    ],
                    [
                        0.5
                    ],
                    [
                        0.5
                    ]
                ]
            ],
            "returns": [
                [
                    [
                        0.45074203610420227
                    ],
                    [
                        0.44981828331947327
                    ],
                    [
                        0.44891759753227234
                    ],
                    [
                        0.44799089431762695
                    ],
                    [
                        0.4470668137073517
                    ],
                    [
                        0.4461396336555481
                    ],
                    [
                        0.44520601630210876
                    ],
                    [
                        0.44430869817733765
                    ],
                    [
                        0.44337549805641174
                    ],
                    [
                        0.44240957498550415
                    ],
                    [
                        0.44144389033317566
                    ],
                    [
                        0.4404968023300171
                    ],
                    [
                        0.4395483136177063
                    ],
                    [
                        0.43869248032569885
                    ],
                    [
                        0.4377937614917755
                    ],
                    [
                        0.4368540942668915
                    ],
                    [
                        0.4359234869480133
                    ],
                    [
                        0.4349976181983948
                    ],
                    [
                        0.4340824484825134
                    ],
                    [
                        0.43315479159355164
                    ]
                ]
            ],
            "timesteps": [
                [
                    140,
                    141,
                    142,
                    143,
                    144,
                    145,
                    146,
                    147,
                    148,
                    149,
                    150,
                    151,
                    152,
                    153,
                    154,
                    155,
                    156,
                    157,
                    158,
                    159
                ]
            ],
            "labels": [
                [
                    1,
                    1,
                    1,
                    1,
                    1,
                    1,
                    1,
                    1,
                    1,
                    1,
                    1,
                    1,
                    1,
                    1,
                    1,
                    1,
                    1,
                    1,
                    1,
                    1
                ]
            ],
            "CPU Usage": 47.9,
            "RAM Usage": 58.8,
            "GPU Usage": 0.0,
            "VRAM Usage": 377.0,
            "Disk Read Speed (MB/s)": 190606.0419921875,
            "Disk Write Speed (MB/s)": 283028.4189453125
        },
        {
            "step": 1,
            "train_loss": 0.057606179267168045,
            "actions_pred1": [
                [
                    [
                        0.24100354313850403,
                        0.05977626144886017,
                        0.903387188911438,
                        0.48401638865470886
                    ],
                    [
                        0.13737303018569946,
                        0.010133225470781326,
                        0.6483879089355469,
                        0.7953733801841736
                    ],
                    [
                        0.10217808187007904,
                        0.09759640693664551,
                        0.5202154517173767,
                        0.7888853549957275
                    ],
                    [
                        0.030840307474136353,
                        0.07495297491550446,
                        0.5585747957229614,
                        0.6625213027000427
                    ],
                    [
                        0.005236104130744934,
                        0.044129304587841034,
                        0.6041314601898193,
                        0.31239205598831177
                    ],
                    [
                        -0.08225150406360626,
                        0.04288472980260849,
                        0.6461025476455688,
                        0.3764132261276245
                    ],
                    [
                        -0.16872821748256683,
                        -0.026842117309570312,
                        0.6864030957221985,
                        0.3357187807559967
                    ],
                    [
                        -0.14891742169857025,
                        0.022541023790836334,
                        0.6192697882652283,
                        0.31437164545059204
                    ],
                    [
                        -0.14995603263378143,
                        0.07806062698364258,
                        0.6625255346298218,
                        0.1981181800365448
                    ],
                    [
                        -0.1730407029390335,
                        0.21480506658554077,
                        0.6290703415870667,
                        0.3384612202644348
                    ],
                    [
                        -0.28688308596611023,
                        -0.02368023991584778,
                        0.6609523892402649,
                        0.3528595566749573
                    ],
                    [
                        -0.28046542406082153,
                        -0.08401546627283096,
                        0.653705894947052,
                        0.25739067792892456
                    ],
                    [
                        -0.20037724077701569,
                        0.09394420683383942,
                        0.9184001088142395,
                        0.32671815156936646
                    ],
                    [
                        -0.20727702975273132,
                        0.04678089916706085,
                        0.8006690740585327,
                        0.3902725875377655
                    ],
                    [
                        -0.27297770977020264,
                        0.05065618455410004,
                        0.7764523029327393,
                        0.32082849740982056
                    ],
                    [
                        -0.2719480097293854,
                        -0.18063029646873474,
                        0.9766131639480591,
                        0.3777396082878113
                    ],
                    [
                        -0.3308531939983368,
                        -0.16522738337516785,
                        1.0389333963394165,
                        0.2662031948566437
                    ],
                    [
                        -0.28272849321365356,
                        -0.006351087242364883,
                        0.8717184066772461,
                        0.3363303542137146
                    ],
                    [
                        -0.22045844793319702,
                        -0.03070337325334549,
                        0.8093918561935425,
                        0.28710609674453735
                    ],
                    [
                        -0.20890101790428162,
                        0.08941705524921417,
                        0.7060402035713196,
                        0.34089305996894836
                    ]
                ]
            ],
            "actions_pred": [
                [
                    [
                        0.24100354313850403,
                        0.13737303018569946,
                        0.10217808187007904,
                        0.030840307474136353,
                        0.005236104130744934,
                        -0.08225150406360626,
                        -0.16872821748256683,
                        -0.14891742169857025,
                        -0.14995603263378143,
                        -0.1730407029390335,
                        -0.28688308596611023,
                        -0.28046542406082153,
                        -0.20037724077701569,
                        -0.20727702975273132,
                        -0.27297770977020264,
                        -0.2719480097293854,
                        -0.3308531939983368,
                        -0.28272849321365356,
                        -0.22045844793319702,
                        -0.20890101790428162
                    ],
                    [
                        0.05977626144886017,
                        0.010133225470781326,
                        0.09759640693664551,
                        0.07495297491550446,
                        0.044129304587841034,
                        0.04288472980260849,
                        -0.026842117309570312,
                        0.022541023790836334,
                        0.07806062698364258,
                        0.21480506658554077,
                        -0.02368023991584778,
                        -0.08401546627283096,
                        0.09394420683383942,
                        0.04678089916706085,
                        0.05065618455410004,
                        -0.18063029646873474,
                        -0.16522738337516785,
                        -0.006351087242364883,
                        -0.03070337325334549,
                        0.08941705524921417
                    ],
                    [
                        0.903387188911438,
                        0.6483879089355469,
                        0.5202154517173767,
                        0.5585747957229614,
                        0.6041314601898193,
                        0.6461025476455688,
                        0.6864030957221985,
                        0.6192697882652283,
                        0.6625255346298218,
                        0.6290703415870667,
                        0.6609523892402649,
                        0.653705894947052,
                        0.9184001088142395,
                        0.8006690740585327,
                        0.7764523029327393,
                        0.9766131639480591,
                        1.0389333963394165,
                        0.8717184066772461,
                        0.8093918561935425,
                        0.7060402035713196
                    ],
                    [
                        0.48401638865470886,
                        0.7953733801841736,
                        0.7888853549957275,
                        0.6625213027000427,
                        0.31239205598831177,
                        0.3764132261276245,
                        0.3357187807559967,
                        0.31437164545059204,
                        0.1981181800365448,
                        0.3384612202644348,
                        0.3528595566749573,
                        0.25739067792892456,
                        0.32671815156936646,
                        0.3902725875377655,
                        0.32082849740982056,
                        0.3777396082878113,
                        0.2662031948566437,
                        0.3363303542137146,
                        0.28710609674453735,
                        0.34089305996894836
                    ]
                ]
            ],
            "states": [
                [
                    [
                        195480.0,
                        0.00017859364743344486,
                        0.0014523763675242662,
                        455306.15625
                    ],
                    [
                        224440.0,
                        0.00017706550715956837,
                        0.0012122188927605748,
                        199210.375
                    ],
                    [
                        260640.0,
                        0.00017533254867885262,
                        0.0010567386634647846,
                        291813.4375
                    ],
                    [
                        231680.0,
                        0.00017360733181703836,
                        0.0010331012308597565,
                        619352.5625
                    ],
                    [
                        201272.0,
                        0.00017211795784533024,
                        0.0008577806875109673,
                        757621.5
                    ],
                    [
                        233128.0,
                        0.0001706496550468728,
                        0.002856994280591607,
                        402371.75
                    ],
                    [
                        238920.0,
                        0.00016908197721932083,
                        0.005327177233994007,
                        418626.09375
                    ],
                    [
                        185344.0,
                        0.00016769685316830873,
                        0.006734849885106087,
                        490648.125
                    ],
                    [
                        205616.0,
                        0.000166440979228355,
                        0.008968048729002476,
                        304516.78125
                    ],
                    [
                        195480.0,
                        0.00016517171752639115,
                        0.00019177634385414422,
                        553446.625
                    ],
                    [
                        202720.0,
                        0.00016393074474763125,
                        0.0001491233124397695,
                        853423.1875
                    ],
                    [
                        209960.0,
                        0.00016266417514998466,
                        0.0002625611668918282,
                        298799.9375
                    ],
                    [
                        209960.0,
                        0.0001613952626939863,
                        0.0004885925445705652,
                        376011.875
                    ],
                    [
                        144800.0,
                        0.00016033815336413682,
                        0.0010367168579250574,
                        94745.609375
                    ],
                    [
                        246160.0,
                        0.00015919026918709278,
                        0.0028569940477609634,
                        223245.734375
                    ],
                    [
                        253400.0,
                        0.000157746413606219,
                        0.005327177233994007,
                        267948.78125
                    ],
                    [
                        296840.0,
                        0.00015618640463799238,
                        0.006734849885106087,
                        291045.46875
                    ],
                    [
                        340280.0,
                        0.0001544181868666783,
                        0.008968048729002476,
                        376205.125
                    ],
                    [
                        405440.0,
                        0.0001523990067653358,
                        0.010990988463163376,
                        467932.84375
                    ],
                    [
                        463360.0,
                        0.0001501120423199609,
                        0.011323424987494946,
                        301846.5
                    ]
                ]
            ],
            "actions": [
                [
                    [
                        0.25
                    ],
                    [
                        0.25
                    ],
                    [
                        0.25
                    ],
                    [
                        0.25
                    ],
                    [
                        0.25
                    ],
                    [
                        0.25
                    ],
                    [
                        0.25
                    ],
                    [
                        0.25
                    ],
                    [
                        0.25
                    ],
                    [
                        0.25
                    ],
                    [
                        0.25
                    ],
                    [
                        0.25
                    ],
                    [
                        0.25
                    ],
                    [
                        0.25
                    ],
                    [
                        0.25
                    ],
                    [
                        0.25
                    ],
                    [
                        0.25
                    ],
                    [
                        0.25
                    ],
                    [
                        0.25
                    ],
                    [
                        0.25
                    ]
                ]
            ],
            "returns": [
                [
                    [
                        0.0820998102426529
                    ],
                    [
                        0.0814596638083458
                    ],
                    [
                        0.08080726861953735
                    ],
                    [
                        0.08014161884784698
                    ],
                    [
                        0.0794864147901535
                    ],
                    [
                        0.07884368300437927
                    ],
                    [
                        0.07818792015314102
                    ],
                    [
                        0.07752998173236847
                    ],
                    [
                        0.07689455896615982
                    ],
                    [
                        0.07624993473291397
                    ],
                    [
                        0.07560978829860687
                    ],
                    [
                        0.0749664157629013
                    ],
                    [
                        0.07431993633508682
                    ],
                    [
                        0.07367345690727234
                    ],
                    [
                        0.07305991649627686
                    ],
                    [
                        0.0723993331193924
                    ],
                    [
                        0.07173618674278259
                    ],
                    [
                        0.07105900347232819
                    ],
                    [
                        0.07036971300840378
                    ],
                    [
                        0.06966488808393478
                    ]
                ]
            ],
            "timesteps": [
                [
                    540,
                    541,
                    542,
                    543,
                    544,
                    545,
                    546,
                    547,
                    548,
                    549,
                    550,
                    551,
                    552,
                    553,
                    554,
                    555,
                    556,
                    557,
                    558,
                    559
                ]
            ],
            "labels": [
                [
                    0,
                    0,
                    0,
                    0,
                    0,
                    0,
                    0,
                    0,
                    0,
                    0,
                    0,
                    0,
                    0,
                    0,
                    0,
                    0,
                    0,
                    0,
                    0,
                    0
                ]
            ],
            "CPU Usage": 48.5,
            "RAM Usage": 59.0,
            "GPU Usage": 0.0,
            "VRAM Usage": 376.0,
            "Disk Read Speed (MB/s)": 190606.0419921875,
            "Disk Write Speed (MB/s)": 283028.4658203125
        },
        {
            "step": 2,
            "train_loss": 0.06349212676286697,
            "actions_pred1": [
                [
                    [
                        0.2067718356847763,
                        -0.4726448655128479,
                        0.8319185972213745,
                        0.8776907324790955
                    ],
                    [
                        0.11346157640218735,
                        -0.3368981182575226,
                        0.8653777837753296,
                        0.7394155263900757
                    ],
                    [
                        -0.19956979155540466,
                        -0.24363179504871368,
                        0.7673271298408508,
                        0.5474465489387512
                    ],
                    [
                        -0.3809356689453125,
                        -0.24854937195777893,
                        0.7525697946548462,
                        0.5318581461906433
                    ],
                    [
                        -0.43505412340164185,
                        -0.21408537030220032,
                        0.7308800220489502,
                        0.5171325206756592
                    ],
                    [
                        -0.4919932782649994,
                        -0.2759186625480652,
                        0.7674720287322998,
                        0.49968117475509644
                    ],
                    [
                        -0.5398754477500916,
                        -0.3078630566596985,
                        0.8017169237136841,
                        0.48353636264801025
                    ],
                    [
                        -0.6253834962844849,
                        -0.2167632281780243,
                        0.8587080240249634,
                        0.4694401025772095
                    ],
                    [
                        -0.39886611700057983,
                        -0.20444995164871216,
                        0.8476858735084534,
                        0.47095146775245667
                    ],
                    [
                        -0.32383692264556885,
                        -0.27568691968917847,
                        0.8955094814300537,
                        0.3734624683856964
                    ],
                    [
                        -0.30264315009117126,
                        -0.26367083191871643,
                        0.6345993280410767,
                        0.523983895778656
                    ],
                    [
                        -0.2782794237136841,
                        -0.24392268061637878,
                        0.7200170159339905,
                        0.5061665177345276
                    ],
                    [
                        -0.3026717007160187,
                        -0.19686517119407654,
                        0.6725769639015198,
                        0.5969151258468628
                    ],
                    [
                        -0.37790197134017944,
                        -0.12432366609573364,
                        0.810827374458313,
                        0.5579191446304321
                    ],
                    [
                        -0.390018492937088,
                        -0.09459447860717773,
                        0.8941764235496521,
                        0.44885140657424927
                    ],
                    [
                        -0.4145057201385498,
                        -0.12085115164518356,
                        0.8943333625793457,
                        0.4534692168235779
                    ],
                    [
                        -0.4119025468826294,
                        -0.20894081890583038,
                        0.7781934142112732,
                        0.4889630079269409
                    ],
                    [
                        -0.45181211829185486,
                        -0.16099758446216583,
                        0.8152118921279907,
                        0.4547215700149536
                    ],
                    [
                        -0.39928144216537476,
                        -0.030594930052757263,
                        0.8273056745529175,
                        0.43437659740448
                    ],
                    [
                        -0.30809134244918823,
                        -0.012379787862300873,
                        0.7465125918388367,
                        0.5108985900878906
                    ]
                ]
            ],
            "actions_pred": [
                [
                    [
                        0.2067718356847763,
                        0.11346157640218735,
                        -0.19956979155540466,
                        -0.3809356689453125,
                        -0.43505412340164185,
                        -0.4919932782649994,
