{
    "steps": [
        {
            "step": 0,
            "train_loss": 0.037320882081985474,
            "actions_pred1": [
                [
                    [
                        -0.3344379663467407,
                        0.19899459183216095,
                        0.2219150960445404,
                        0.695784330368042
                    ],
                    [
                        -0.020300932228565216,
                        0.04256226122379303,
                        0.27290549874305725,
                        0.6198199987411499
                    ],
                    [
                        -0.12632371485233307,
                        0.09985650330781937,
                        0.2612367272377014,
                        0.6585233807563782
                    ],
                    [
                        -0.14090444147586823,
                        0.11409680545330048,
                        0.28632494807243347,
                        0.6058468818664551
                    ],
                    [
                        -0.14942306280136108,
                        0.0547567680478096,
                        0.2869511842727661,
                        0.5654564499855042
                    ],
                    [
                        -0.30071455240249634,
                        -0.03816509246826172,
                        0.47578731179237366,
                        0.7913718223571777
                    ],
                    [
                        -0.20267391204833984,
                        -0.1281876116991043,
                        0.5476888418197632,
                        0.8230739831924438
                    ],
                    [
                        -0.1817290484905243,
                        -0.11831152439117432,
                        0.5094592571258545,
                        0.7980638146400452
                    ],
                    [
                        -0.27603018283843994,
                        -0.05318246781826019,
                        0.501237154006958,
                        0.6949276328086853
                    ],
                    [
                        -0.3186843991279602,
                        0.0443413108587265,
                        0.4402458667755127,
                        0.7140853404998779
                    ],
                    [
                        -0.3118123412132263,
                        0.045708656311035156,
                        0.4717000126838684,
                        0.7187390327453613
                    ],
                    [
                        -0.3420092761516571,
                        0.011869668960571289,
                        0.4117060899734497,
                        0.5910904407501221
                    ],
                    [
                        -0.40112632513046265,
                        -0.001656845211982727,
                        0.34199419617652893,
                        0.5948180556297302
                    ],
                    [
                        -0.3901161849498749,
                        0.009068712592124939,
                        0.47111260890960693,
                        0.600993812084198
                    ],
                    [
                        -0.5475837588310242,
                        -0.2694782018661499,
                        0.702575147151947,
                        0.6326814889907837
                    ],
                    [
                        -0.4947971701622009,
                        -0.08720479160547256,
                        0.6948032975196838,
                        0.5875197052955627
                    ],
                    [
                        -0.49156126379966736,
                        -0.036973949521780014,
                        0.5994452834129333,
                        0.5311464071273804
                    ],
                    [
                        -0.4238724112510681,
                        0.0409298911690712,
                        0.4989991784095764,
                        0.43385887145996094
                    ],
                    [
                        -0.5471293926239014,
                        0.18035006523132324,
                        0.6109115481376648,
                        0.3466140031814575
                    ],
                    [
                        -0.43022221326828003,
                        0.10086740553379059,
                        0.5517166256904602,
                        0.45884206891059875
                    ]
                ]
            ],
            "actions_pred": [
                [
                    [
                        -0.3344379663467407,
                        -0.020300932228565216,
                        -0.12632371485233307,
                        -0.14090444147586823,
                        -0.14942306280136108,
                        -0.30071455240249634,
                        -0.20267391204833984,
                        -0.1817290484905243,
                        -0.27603018283843994,
                        -0.3186843991279602,
                        -0.3118123412132263,
                        -0.3420092761516571,
                        -0.40112632513046265,
                        -0.3901161849498749,
                        -0.5475837588310242,
                        -0.4947971701622009,
                        -0.49156126379966736,
                        -0.4238724112510681,
                        -0.5471293926239014,
                        -0.43022221326828003
                    ],
                    [
                        0.19899459183216095,
                        0.04256226122379303,
                        0.09985650330781937,
                        0.11409680545330048,
                        0.0547567680478096,
                        -0.03816509246826172,
                        -0.1281876116991043,
                        -0.11831152439117432,
                        -0.05318246781826019,
                        0.0443413108587265,
                        0.045708656311035156,
                        0.011869668960571289,
                        -0.001656845211982727,
                        0.009068712592124939,
                        -0.2694782018661499,
                        -0.08720479160547256,
                        -0.036973949521780014,
                        0.0409298911690712,
                        0.18035006523132324,
                        0.10086740553379059
                    ],
                    [
                        0.2219150960445404,
                        0.27290549874305725,
                        0.2612367272377014,
                        0.28632494807243347,
                        0.2869511842727661,
                        0.47578731179237366,
                        0.5476888418197632,
                        0.5094592571258545,
                        0.501237154006958,
                        0.4402458667755127,
                        0.4717000126838684,
                        0.4117060899734497,
                        0.34199419617652893,
                        0.47111260890960693,
                        0.702575147151947,
                        0.6948032975196838,
                        0.5994452834129333,
                        0.4989991784095764,
                        0.6109115481376648,
                        0.5517166256904602
                    ],
                    [
                        0.695784330368042,
                        0.6198199987411499,
                        0.6585233807563782,
                        0.6058468818664551,
                        0.5654564499855042,
                        0.7913718223571777,
                        0.8230739831924438,
                        0.7980638146400452,
                        0.6949276328086853,
                        0.7140853404998779,
                        0.7187390327453613,
                        0.5910904407501221,
                        0.5948180556297302,
                        0.600993812084198,
                        0.6326814889907837,
                        0.5875197052955627,
                        0.5311464071273804,
                        0.43385887145996094,
                        0.3466140031814575,
                        0.45884206891059875
                    ]
                ]
            ],
            "states": [
                [
                    [
                        5334432.0,
                        2.079466503346339e-05,
                        0.00026978878304362297,
                        822567.125
                    ],
                    [
                        5450272.0,
                        2.0477313228184357e-05,
                        0.00027627943200059235,
                        856531.375
                    ],
                    [
                        5496608.0,
                        2.0164978195680305e-05,
                        0.00025924446526914835,
                        796247.875
                    ],
                    [
                        5340224.0,
                        1.901392352010589e-05,
                        0.006524195894598961,
                        835512.25
                    ],
                    [
                        5366288.0,
                        1.8750137314782478e-05,
                        0.002146858023479581,
                        813363.3125
                    ],
                    [
                        5389456.0,
                        1.8492408344172873e-05,
                        0.0023773028515279293,
                        845072.375
                    ],
                    [
                        5118680.0,
                        1.8247363186674193e-05,
                        0.0020079242531210184,
                        804446.8125
                    ],
                    [
                        5463304.0,
                        1.8007134713116102e-05,
                        0.0019139255164191127,
                        824885.1875
                    ],
                    [
                        5337328.0,
                        1.7768334146239795e-05,
                        0.0013429223326966166,
                        814676.0
                    ],
                    [
                        5398144.0,
                        1.753715696395375e-05,
                        0.0011628043139353395,
                        805373.25
                    ],
                    [
                        5337328.0,
                        1.7311906049144454e-05,
                        0.0009117702720686793,
                        826102.5
                    ],
                    [
                        5053520.0,
                        1.709933530946728e-05,
                        0.000803604198154062,
                        828294.75
                    ],
                    [
                        5891912.0,
                        1.6881092960829847e-05,
                        0.000699773314408958,
                        791778.0625
                    ],
                    [
                        5104200.0,
                        1.6667219824739732e-05,
                        0.0006680691731162369,
                        868015.875
                    ],
                    [
                        5372080.0,
                        1.646851160330698e-05,
                        0.0005246230284683406,
                        748358.1875
                    ],
                    [
                        5262032.0,
                        1.6271596905426122e-05,
                        0.00046889804070815444,
                        796238.875
                    ],
                    [
                        5473440.0,
                        1.6077548934845254e-05,
                        0.00035997320082969964,
                        812237.5625
                    ],
                    [
                        4978224.0,
                        1.589297789905686e-05,
                        0.00037329201586544514,
                        806297.3125
                    ],
                    [
                        5450272.0,
                        1.571305256220512e-05,
                        0.00029995679506100714,
                        802099.3125
                    ],
                    [
                        5424208.0,
                        1.5529669326497242e-05,
                        0.0002722619683481753,
                        836648.625
                    ]
                ]
            ],
            "actions": [
                [
                    [
                        0.75
                    ],
                    [
                        0.75
                    ],
                    [
                        0.75
                    ],
                    [
                        0.75
                    ],
                    [
                        0.75
                    ],
                    [
                        0.75
                    ],
                    [
                        0.75
                    ],
                    [
                        0.75
                    ],
                    [
                        0.75
                    ],
                    [
                        0.75
                    ],
                    [
                        0.75
                    ],
                    [
                        0.75
                    ],
                    [
                        0.75
                    ],
                    [
                        0.75
                    ],
                    [
                        0.75
                    ],
                    [
                        0.75
                    ],
                    [
                        0.75
                    ],
                    [
                        0.75
                    ],
                    [
                        0.75
                    ],
                    [
                        0.75
                    ]
                ]
            ],
            "returns": [
                [
                    [
                        0.3232199251651764
                    ],
                    [
                        0.3222866356372833
                    ],
                    [
                        0.32135143876075745
                    ],
                    [
                        0.3204154968261719
                    ],
                    [
                        0.31948211789131165
                    ],
                    [
                        0.3185482919216156
                    ],
                    [
                        0.3176141083240509
                    ],
                    [
                        0.31668445467948914
                    ],
                    [
                        0.31574904918670654
                    ],
                    [
                        0.3148157298564911
                    ],
                    [
                        0.31388136744499207
                    ],
                    [
                        0.3129480481147766
                    ],
                    [
                        0.3120195269584656
                    ],
                    [
                        0.31107744574546814
                    ],
                    [
                        0.31014806032180786
                    ],
                    [
                        0.30921414494514465
                    ],
                    [
                        0.3082820773124695
                    ],
                    [
                        0.30734649300575256
                    ],
                    [
                        0.306419312953949
                    ],
                    [
                        0.3054841458797455
                    ]
                ]
            ],
            "timesteps": [
                [
                    280,
                    281,
                    282,
                    283,
                    284,
                    285,
                    286,
                    287,
                    288,
                    289,
                    290,
                    291,
                    292,
                    293,
                    294,
                    295,
                    296,
                    297,
                    298,
                    299
                ]
            ],
            "labels": [
                [
                    2,
                    2,
                    2,
                    2,
                    2,
                    2,
                    2,
                    2,
                    2,
                    2,
                    2,
                    2,
                    2,
                    2,
                    2,
                    2,
                    2,
                    2,
                    2,
                    2
                ]
            ],
            "CPU Usage": 44.2,
            "RAM Usage": 58.5,
            "GPU Usage": 0.0,
            "VRAM Usage": 582.0,
            "Disk Read Speed (MB/s)": 190564.9951171875,
            "Disk Write Speed (MB/s)": 278496.7900390625
        },
        {
            "step": 1,
            "train_loss": 0.054293978959321976,
            "actions_pred1": [
                [
                    [
                        -0.07822366058826447,
                        -0.3142770528793335,
                        0.5219656825065613,
                        0.580610454082489
                    ],
                    [
                        -0.19554999470710754,
                        -0.08063478767871857,
                        0.7004120945930481,
                        0.6579951047897339
                    ],
                    [
                        -0.3143468499183655,
                        0.021631598472595215,
                        0.681672990322113,
                        0.5991620421409607
                    ],
                    [
                        -0.3265693187713623,
                        -0.010051041841506958,
                        0.7180486917495728,
                        0.6021896004676819
                    ],
                    [
                        -0.2754665017127991,
                        0.050180889666080475,
                        0.7419553995132446,
                        0.5494236350059509
                    ],
                    [
                        -0.23398637771606445,
                        -0.01321469247341156,
                        0.6412811279296875,
                        0.5164987444877625
                    ],
                    [
                        -0.16137823462486267,
                        0.026901371777057648,
                        0.7062652707099915,
                        0.43738308548927307
                    ],
                    [
                        -0.1547023206949234,
                        -0.01332099735736847,
                        0.6525353193283081,
                        0.46513471007347107
                    ],
                    [
                        -0.2790861129760742,
                        -0.08125941455364227,
                        0.7436068058013916,
                        0.3986974358558655
                    ],
                    [
                        -0.27693071961402893,
                        0.01023891568183899,
                        0.8089537024497986,
                        0.36676567792892456
                    ],
                    [
                        -0.3995317816734314,
                        -0.12162542343139648,
                        0.8799800276756287,
                        0.22306779026985168
                    ],
                    [
                        -0.47103261947631836,
                        -0.09792327135801315,
                        0.7360780239105225,
                        0.18233075737953186
                    ],
                    [
                        -0.45581838488578796,
                        -0.050438717007637024,
                        0.7182464599609375,
                        0.2825760543346405
                    ],
                    [
                        -0.3939996063709259,
                        0.0038797296583652496,
                        0.7964956164360046,
                        0.3554043769836426
                    ],
                    [
                        -0.5456714630126953,
                        -0.27919119596481323,
                        0.7779908180236816,
                        0.2611415982246399
                    ],
                    [
                        -0.4230419397354126,
                        -0.2851564884185791,
                        0.7425844669342041,
                        0.2772420644760132
                    ],
                    [
                        -0.4430563449859619,
                        -0.16562332212924957,
                        0.7849506139755249,
                        0.2501189708709717
                    ],
                    [
                        -0.46160387992858887,
                        -0.08001130819320679,
                        0.7025886178016663,
                        0.35422882437705994
                    ],
                    [
                        -0.3888818025588989,
                        -0.09778710454702377,
                        0.7955828309059143,
                        0.33304232358932495
                    ],
                    [
                        -0.38538989424705505,
                        -0.08923175930976868,
                        0.7458596229553223,
                        0.3320348560810089
                    ]
                ]
            ],
            "actions_pred": [
                [
                    [
                        -0.07822366058826447,
                        -0.19554999470710754,
                        -0.3143468499183655,
                        -0.3265693187713623,
                        -0.2754665017127991,
                        -0.23398637771606445,
                        -0.16137823462486267,
                        -0.1547023206949234,
                        -0.2790861129760742,
                        -0.27693071961402893,
                        -0.3995317816734314,
                        -0.47103261947631836,
                        -0.45581838488578796,
                        -0.3939996063709259,
                        -0.5456714630126953,
                        -0.4230419397354126,
                        -0.4430563449859619,
                        -0.46160387992858887,
                        -0.3888818025588989,
                        -0.38538989424705505
                    ],
                    [
                        -0.3142770528793335,
                        -0.08063478767871857,
                        0.021631598472595215,
                        -0.010051041841506958,
                        0.050180889666080475,
                        -0.01321469247341156,
                        0.026901371777057648,
                        -0.01332099735736847,
                        -0.08125941455364227,
                        0.01023891568183899,
                        -0.12162542343139648,
                        -0.09792327135801315,
                        -0.050438717007637024,
                        0.0038797296583652496,
                        -0.27919119596481323,
                        -0.2851564884185791,
                        -0.16562332212924957,
                        -0.08001130819320679,
                        -0.09778710454702377,
                        -0.08923175930976868
                    ],
                    [
                        0.5219656825065613,
                        0.7004120945930481,
                        0.681672990322113,
                        0.7180486917495728,
                        0.7419553995132446,
                        0.6412811279296875,
                        0.7062652707099915,
                        0.6525353193283081,
                        0.7436068058013916,
                        0.8089537024497986,
                        0.8799800276756287,
                        0.7360780239105225,
                        0.7182464599609375,
                        0.7964956164360046,
                        0.7779908180236816,
                        0.7425844669342041,
                        0.7849506139755249,
                        0.7025886178016663,
                        0.7955828309059143,
                        0.7458596229553223
                    ],
                    [
                        0.580610454082489,
                        0.6579951047897339,
                        0.5991620421409607,
                        0.6021896004676819,
                        0.5494236350059509,
                        0.5164987444877625,
                        0.43738308548927307,
                        0.46513471007347107,
                        0.3986974358558655,
                        0.36676567792892456,
                        0.22306779026985168,
                        0.18233075737953186,
                        0.2825760543346405,
                        0.3554043769836426,
                        0.2611415982246399,
                        0.2772420644760132,
                        0.2501189708709717,
                        0.35422882437705994,
                        0.33304232358932495,
                        0.3320348560810089
                    ]
                ]
            ],
            "states": [
                [
                    [
                        6436360.0,
                        3.756791920750402e-05,
                        0.00023788119142409414,
                        525420.0
                    ],
                    [
                        5822408.0,
                        3.5673747333930805e-05,
                        0.0002484873402863741,
                        540076.8125
                    ],
                    [
                        6120696.0,
                        3.400527930352837e-05,
                        0.00025739934062585235,
                        546681.375
                    ],
                    [
                        6143632.0,
                        3.2446547265863046e-05,
                        0.00019004895875696093,
                        549135.1875
                    ],
                    [
                        6290344.0,
                        3.100591857219115e-05,
                        0.00022606240236200392,
                        515628.96875
                    ],
                    [
                        7225288.0,
                        2.9579521651612595e-05,
                        0.0002532026555854827,
                        501138.75
                    ],
                    [
                        5695216.0,
                        2.8330134227871895e-05,
                        0.0002667571825440973,
                        501280.09375
                    ],
                    [
                        6048296.0,
                        2.72848174063256e-05,
                        0.00026687141507864,
                        520591.84375
                    ],
                    [
                        5956840.0,
                        2.6292696929886006e-05,
                        0.0002529114135541022,
                        510954.5
                    ],
                    [
                        5511320.0,
                        2.5409783120267093e-05,
                        0.0002583715249784291,
                        498321.25
                    ],
                    [
                        7421000.0,
                        2.448467603244353e-05,
                        0.001365873496979475,
                        470548.53125
                    ],
                    [
                        6653560.0,
                        2.3549235265818425e-05,
                        0.0008239395683631301,
                        489404.40625
                    ],
                    [
                        5919424.0,
                        2.2772055672248825e-05,
                        0.0005388445570133626,
                        494672.6875
                    ],
                    [
                        6049744.0,
                        2.2078909751144238e-05,
                        0.0005018769879825413,
                        522203.84375
                    ],
                    [
                        5699328.0,
                        2.1438178009702824e-05,
                        0.0005396626074798405,
                        525676.375
                    ],
                    [
                        5907840.0,
                        2.084095285681542e-05,
                        0.00039070475031621754,
                        484434.71875
                    ],
                    [
                        7654128.0,
                        2.0184714230708778e-05,
                        0.00037147922557778656,
                        485244.75
                    ],
                    [
                        6171376.0,
                        1.9555423932615668e-05,
                        0.00035373689024709165,
                        520211.9375
                    ],
                    [
                        5359048.0,
                        1.9060054910369217e-05,
                        0.0003472233365755528,
                        514446.75
                    ],
                    [
                        5344568.0,
                        1.8622442439664155e-05,
                        0.00021890846255701035,
                        526664.75
                    ]
                ]
            ],
            "actions": [
                [
                    [
                        0.5
                    ],
                    [
                        0.5
                    ],
                    [
                        0.5
                    ],
                    [
                        0.5
                    ],
                    [
                        0.5
                    ],
                    [
                        0.5
                    ],
                    [
                        0.5
                    ],
                    [
                        0.5
                    ],
                    [
                        0.5
                    ],
                    [
                        0.5
                    ],
                    [
                        0.5
                    ],
                    [
                        0.5
                    ],
                    [
                        0.5
                    ],
                    [
                        0.5
                    ],
                    [
                        0.5
                    ],
                    [
                        0.5
                    ],
                    [
                        0.5
                    ],
                    [
                        0.5
                    ],
                    [
                        0.5
                    ],
                    [
                        0.5
                    ]
                ]
            ],
            "returns": [
                [
                    [
                        0.17125853896141052
                    ],
                    [
                        0.17030860483646393
                    ],
                    [
                        0.16936755180358887
                    ],
                    [
                        0.16842207312583923
                    ],
                    [
                        0.16747625172138214
                    ],
                    [
                        0.1665283590555191
                    ],
                    [
                        0.16556815803050995
                    ],
                    [
                        0.16462907195091248
                    ],
                    [
                        0.1636846512556076
                    ],
                    [
                        0.16274157166481018
                    ],
                    [
                        0.1618053913116455
                    ],
                    [
                        0.16084282100200653
                    ],
                    [
                        0.15988995134830475
                    ],
                    [
                        0.1589474231004715
                    ],
                    [
                        0.15800298750400543
                    ],
                    [
                        0.157063826918602
                    ],
                    [
                        0.15612147748470306
                    ],
                    [
                        0.1551561802625656
                    ],
                    [
                        0.15420997142791748
                    ],
                    [
                        0.153276264667511
                    ]
                ]
            ],
            "timesteps": [
                [
                    440,
                    441,
                    442,
                    443,
                    444,
                    445,
                    446,
                    447,
                    448,
                    449,
                    450,
                    451,
                    452,
                    453,
                    454,
                    455,
                    456,
                    457,
                    458,
                    459
                ]
            ],
            "labels": [
                [
                    1,
                    1,
                    1,
                    1,
                    1,
                    1,
                    1,
                    1,
                    1,
                    1,
                    1,
                    1,
                    1,
                    1,
                    1,
                    1,
                    1,
                    1,
                    1,
                    1
                ]
            ],
            "CPU Usage": 46.8,
            "RAM Usage": 59.0,
            "GPU Usage": 0.0,
            "VRAM Usage": 582.0,
            "Disk Read Speed (MB/s)": 190564.9951171875,
            "Disk Write Speed (MB/s)": 278497.0205078125
        },
        {
            "step": 2,
            "train_loss": 0.054069917649030685,
            "actions_pred1": [
                [
                    [
                        -0.059057533740997314,
                        -0.14867231249809265,
                        0.5663290023803711,
                        0.5557849407196045
                    ],
                    [
                        -0.19020089507102966,
                        -0.3073118329048157,
                        0.3892207145690918,
                        0.565274715423584
                    ],
                    [
                        -0.2623134255409241,
                        -0.25653862953186035,
                        0.5062267780303955,
                        0.5000306963920593
                    ],
                    [
                        -0.47974666953086853,
                        -0.19297173619270325,
                        0.4590895175933838,
                        0.4913744330406189
                    ],
                    [
                        -0.512852668762207,
                        -0.12918010354042053,
                        0.5016009211540222,
                        0.41944795846939087
                    ],
                    [
                        -0.48710036277770996,
                        -0.08716338127851486,
                        0.5481988191604614,
                        0.5030637979507446
                    ],
                    [
                        -0.5408058166503906,
                        -0.05876472592353821,
                        0.4580155611038208,
                        0.551982581615448
                    ],
                    [
                        -0.5358283519744873,
                        -0.14139601588249207,
                        0.5119658708572388,
                        0.47155100107192993
                    ],
                    [
                        -0.555566668510437,
                        -0.15075159072875977,
                        0.5346004366874695,
                        0.4373456835746765
                    ],
                    [
                        -0.5418566465377808,
                        -0.13942545652389526,
                        0.6705411672592163,
                        0.5204423069953918
                    ],
                    [
                        -0.37008023262023926,
                        -0.14384745061397552,
                        0.608562171459198,
                        0.4066024720668793
                    ],
                    [
                        -0.2754472494125366,
                        -0.20239977538585663,
                        0.6014567017555237,
                        0.3661561906337738
                    ],
                    [
                        -0.40541139245033264,
                        -0.10483440011739731,
                        0.7135515809059143,
                        0.35800179839134216
                    ],
                    [
                        -0.44139033555984497,
                        -0.11849644780158997,
                        0.7216697931289673,
                        0.4789125919342041
                    ],
                    [
                        -0.509624719619751,
                        -0.05078200250864029,
                        0.6840990781784058,
                        0.5058445930480957
                    ],
                    [
                        -0.4625858664512634,
                        0.012997426092624664,
                        0.7046629190444946,
                        0.5182194709777832
                    ],
                    [
                        -0.46393096446990967,
                        -0.0798516720533371,
                        0.7378078699111938,
                        0.46233296394348145
                    ],
                    [
                        -0.48068588972091675,
                        -0.0976344421505928,
                        0.6781094670295715,
                        0.5086863040924072
                    ],
                    [
                        -0.39091840386390686,
                        -0.06473211944103241,
                        0.613040566444397,
                        0.6036413908004761
                    ],
                    [
                        -0.33219462633132935,
                        -0.011326506733894348,
                        0.5254844427108765,
                        0.5263034105300903
                    ]
                ]
            ],
            "actions_pred": [
                [
                    [
                        -0.059057533740997314,
                        -0.19020089507102966,
                        -0.2623134255409241,
                        -0.47974666953086853,
                        -0.512852668762207,
                        -0.48710036277770996,
