{
    "steps": [
        {
            "step": 0,
            "train_loss": 0.05277644842863083,
            "actions_pred1": [
                [
                    [
                        -0.046818334609270096,
                        -0.09473307430744171,
                        0.7106100916862488,
                        0.37804150581359863
                    ],
                    [
                        -0.08136408030986786,
                        0.037274070084095,
                        0.7821533679962158,
                        0.5000511407852173
                    ],
                    [
                        -0.022086776793003082,
                        0.024371862411499023,
                        0.8642661571502686,
                        0.36723634600639343
                    ],
                    [
                        -0.03317057341337204,
                        -0.04346027970314026,
                        0.907340407371521,
                        0.30069804191589355
                    ],
                    [
                        -0.06362205743789673,
                        0.0058838799595832825,
                        0.9872981309890747,
                        0.28721198439598083
                    ],
                    [
                        -0.2145300805568695,
                        -0.011751815676689148,
                        0.7770646810531616,
                        0.13813990354537964
                    ],
                    [
                        -0.0972825437784195,
                        -0.0470559298992157,
                        0.8151341676712036,
                        0.15486446022987366
                    ],
                    [
                        -0.10751328617334366,
                        -0.06874460726976395,
                        0.7775697112083435,
                        0.21445327997207642
                    ],
                    [
                        -0.06326926499605179,
                        -0.03357762098312378,
                        0.673772394657135,
                        0.18071383237838745
                    ],
                    [
                        -0.14179882407188416,
                        -0.07964824140071869,
                        0.737173855304718,
                        0.19322779774665833
                    ],
                    [
                        -0.06718096882104874,
                        0.016716808080673218,
                        0.7454999089241028,
                        0.16338342428207397
                    ],
                    [
                        -0.04048789292573929,
                        0.017872683703899384,
                        0.7264007925987244,
                        0.13130995631217957
                    ],
                    [
                        -0.09515250474214554,
                        -0.008450157940387726,
                        0.6936238408088684,
                        0.15057343244552612
                    ],
                    [
                        -0.11588986217975616,
                        0.039029598236083984,
                        0.7543851137161255,
                        0.14730927348136902
                    ],
                    [
                        -0.008924782276153564,
                        -0.03965204209089279,
                        0.8666419386863708,
                        0.20519790053367615
                    ],
                    [
                        -0.10163627564907074,
                        0.020444482564926147,
                        0.7966858148574829,
                        0.19348421692848206
                    ],
                    [
                        -0.19822868704795837,
                        0.0834042876958847,
                        0.8275833129882812,
                        0.17118245363235474
                    ],
                    [
                        -0.12336333096027374,
                        0.04231511801481247,
                        0.9196575880050659,
                        0.22397544980049133
                    ],
                    [
                        -0.06951484084129333,
                        0.04179094731807709,
                        0.8946694731712341,
                        0.17647895216941833
                    ],
                    [
                        -0.18007293343544006,
                        0.05774696171283722,
                        0.88270503282547,
                        0.06472843885421753
                    ]
                ]
            ],
            "actions_pred": [
                [
                    [
                        -0.046818334609270096,
                        -0.08136408030986786,
                        -0.022086776793003082,
                        -0.03317057341337204,
                        -0.06362205743789673,
                        -0.2145300805568695,
                        -0.0972825437784195,
                        -0.10751328617334366,
                        -0.06326926499605179,
                        -0.14179882407188416,
                        -0.06718096882104874,
                        -0.04048789292573929,
                        -0.09515250474214554,
                        -0.11588986217975616,
                        -0.008924782276153564,
                        -0.10163627564907074,
                        -0.19822868704795837,
                        -0.12336333096027374,
                        -0.06951484084129333,
                        -0.18007293343544006
                    ],
                    [
                        -0.09473307430744171,
                        0.037274070084095,
                        0.024371862411499023,
                        -0.04346027970314026,
                        0.0058838799595832825,
                        -0.011751815676689148,
                        -0.0470559298992157,
                        -0.06874460726976395,
                        -0.03357762098312378,
                        -0.07964824140071869,
                        0.016716808080673218,
                        0.017872683703899384,
                        -0.008450157940387726,
                        0.039029598236083984,
                        -0.03965204209089279,
                        0.020444482564926147,
                        0.0834042876958847,
                        0.04231511801481247,
                        0.04179094731807709,
                        0.05774696171283722
                    ],
                    [
                        0.7106100916862488,
                        0.7821533679962158,
                        0.8642661571502686,
                        0.907340407371521,
                        0.9872981309890747,
                        0.7770646810531616,
                        0.8151341676712036,
                        0.7775697112083435,
                        0.673772394657135,
                        0.737173855304718,
                        0.7454999089241028,
                        0.7264007925987244,
                        0.6936238408088684,
                        0.7543851137161255,
                        0.8666419386863708,
                        0.7966858148574829,
                        0.8275833129882812,
                        0.9196575880050659,
                        0.8946694731712341,
                        0.88270503282547
                    ],
                    [
                        0.37804150581359863,
                        0.5000511407852173,
                        0.36723634600639343,
                        0.30069804191589355,
                        0.28721198439598083,
                        0.13813990354537964,
                        0.15486446022987366,
                        0.21445327997207642,
                        0.18071383237838745,
                        0.19322779774665833,
                        0.16338342428207397,
                        0.13130995631217957,
                        0.15057343244552612,
                        0.14730927348136902,
                        0.20519790053367615,
                        0.19348421692848206,
                        0.17118245363235474,
                        0.22397544980049133,
                        0.17647895216941833,
                        0.06472843885421753
                    ]
                ]
            ],
            "states": [
                [
                    [
                        3453480.0,
                        1.1675143468892202e-05,
                        0.00029440681100822985,
                        672821.0625
                    ],
                    [
                        4107976.0,
                        1.1557735888345633e-05,
                        0.00028164629475213587,
                        683579.125
                    ],
                    [
                        4089152.0,
                        1.1433058716647793e-05,
                        0.00027785348356701434,
                        696568.625
                    ],
                    [
                        3556288.0,
                        1.131914814322954e-05,
                        0.00038381022750400007,
                        634586.1875
                    ],
                    [
                        2583232.0,
                        1.1229288247704972e-05,
                        0.0002961547579616308,
                        661987.4375
                    ],
                    [
                        1912808.0,
                        1.1164392162754666e-05,
                        0.00029962105327285826,
                        693806.25
                    ],
                    [
                        2088016.0,
                        1.1107291356893256e-05,
                        0.00029777659801766276,
                        580816.75
                    ],
                    [
                        2896000.0,
                        1.103698832594091e-05,
                        0.0002728095860220492,
                        525629.9375
                    ],
                    [
                        2564408.0,
                        1.0960944564430974e-05,
                        0.0002930021146312356,
                        619511.5625
                    ],
                    [
                        3921184.0,
                        1.087203600036446e-05,
                        0.0005929499748162925,
                        538834.625
                    ],
                    [
                        2794640.0,
                        1.0781384844449349e-05,
                        0.00017766767996363342,
                        677916.4375
                    ],
                    [
                        4726272.0,
                        1.0681769708753563e-05,
                        0.00018339134112466127,
                        599563.375
                    ],
                    [
                        4927544.0,
                        1.0556481356616132e-05,
                        0.00019205290300305933,
                        583179.3125
                    ],
                    [
                        5944040.0,
                        1.0418904821563046e-05,
                        0.0002024973655352369,
                        603427.0
                    ],
                    [
                        5063656.0,
                        1.0283110896125436e-05,
                        0.0002613598189782351,
                        607061.125
                    ],
                    [
                        5221488.0,
                        1.015944144455716e-05,
                        0.00023075626813806593,
                        620602.0625
                    ],
                    [
                        3421624.0,
                        1.0057716281153262e-05,
                        0.00032322804327122867,
                        608652.25
                    ],
                    [
                        3476648.0,
                        9.978034540836234e-06,
                        0.0002578554267529398,
                        617310.8125
                    ],
                    [
                        3407144.0,
                        9.899765245791059e-06,
                        0.00022438736050389707,
                        706043.875
                    ],
                    [
                        3938560.0,
                        9.817606041906402e-06,
                        0.00038321700412780046,
                        631372.625
                    ]
                ]
            ],
            "actions": [
                [
                    [
                        0.5
                    ],
                    [
                        0.5
                    ],
                    [
                        0.5
                    ],
                    [
                        0.5
                    ],
                    [
                        0.5
                    ],
                    [
                        0.5
                    ],
                    [
                        0.5
                    ],
                    [
                        0.5
                    ],
                    [
                        0.5
                    ],
                    [
                        0.5
                    ],
                    [
                        0.5
                    ],
                    [
                        0.5
                    ],
                    [
                        0.5
                    ],
                    [
                        0.5
                    ],
                    [
                        0.5
                    ],
                    [
                        0.5
                    ],
                    [
                        0.5
                    ],
                    [
                        0.5
                    ],
                    [
                        0.5
                    ],
                    [
                        0.5
                    ]
                ]
            ],
            "returns": [
                [
                    [
                        0.41369158029556274
                    ],
                    [
                        0.41279682517051697
                    ],
                    [
                        0.41188669204711914
                    ],
                    [
                        0.41097697615623474
                    ],
                    [
                        0.41007962822914124
                    ],
                    [
                        0.4092106521129608
                    ],
                    [
                        0.4083682894706726
                    ],
                    [
                        0.4075181484222412
                    ],
                    [
                        0.4066390097141266
                    ],
                    [
                        0.4057706594467163
                    ],
                    [
                        0.40486466884613037
                    ],
                    [
                        0.40398868918418884
                    ],
                    [
                        0.40306612849235535
                    ],
                    [
                        0.4021398723125458
                    ],
                    [
                        0.40119698643684387
                    ],
                    [
                        0.4002683162689209
                    ],
                    [
                        0.39933690428733826
                    ],
                    [
                        0.39844298362731934
                    ],
                    [
                        0.3975476622581482
                    ],
                    [
                        0.3966540992259979
                    ]
                ]
            ],
            "timesteps": [
                [
                    180,
                    181,
                    182,
                    183,
                    184,
                    185,
                    186,
                    187,
                    188,
                    189,
                    190,
                    191,
                    192,
                    193,
                    194,
                    195,
                    196,
                    197,
                    198,
                    199
                ]
            ],
            "labels": [
                [
                    1,
                    1,
                    1,
                    1,
                    1,
                    1,
                    1,
                    1,
                    1,
                    1,
                    1,
                    1,
                    1,
                    1,
                    1,
                    1,
                    1,
                    1,
                    1,
                    1
                ]
            ],
            "CPU Usage": 46.7,
            "RAM Usage": 62.6,
            "GPU Usage": 0.0,
            "VRAM Usage": 467.0,
            "Disk Read Speed (MB/s)": 191411.15625,
            "Disk Write Speed (MB/s)": 296274.6376953125
        },
        {
            "step": 1,
            "train_loss": 0.032378315925598145,
            "actions_pred1": [
                [
                    [
                        0.2567639946937561,
                        -0.09016843140125275,
                        0.364723265171051,
                        0.5091939568519592
                    ],
                    [
                        0.17908774316310883,
                        0.0949944257736206,
                        0.42492353916168213,
                        0.5573222637176514
                    ],
                    [
                        0.21008986234664917,
                        0.1636512130498886,
                        0.4127669632434845,
                        0.4029284715652466
                    ],
                    [
                        0.17325955629348755,
                        0.1034061387181282,
                        0.30237701535224915,
                        0.3676123023033142
                    ],
                    [
                        -0.06551730632781982,
                        0.323760986328125,
                        0.5234271883964539,
                        0.2345057725906372
                    ],
                    [
                        -0.18689343333244324,
                        0.1262151151895523,
                        0.5674941539764404,
                        0.26398560404777527
                    ],
                    [
                        -0.03563836216926575,
                        0.16378101706504822,
                        0.6149979829788208,
                        0.3838779330253601
                    ],
                    [
                        0.1574128270149231,
                        -0.1359439492225647,
                        0.6816771030426025,
                        0.2922917604446411
                    ],
                    [
                        -0.04038923978805542,
                        -0.009397368878126144,
                        0.8386569023132324,
                        0.27402693033218384
                    ],
                    [
                        -0.11923591047525406,
                        0.05582369863986969,
                        0.7795239686965942,
                        0.29794931411743164
                    ],
                    [
                        -0.004754297435283661,
                        -0.02259630709886551,
                        0.6749055981636047,
                        0.2693192660808563
                    ],
                    [
                        0.06997250765562057,
                        0.06604084372520447,
                        0.7374809384346008,
                        0.3420780897140503
                    ],
                    [
                        0.014600582420825958,
                        0.03454437851905823,
                        0.7112041711807251,
                        0.2775565981864929
                    ],
                    [
                        -0.0764840692281723,
                        -0.08558109402656555,
                        0.7631638050079346,
                        0.23922398686408997
                    ],
                    [
                        -0.13145577907562256,
                        -0.029639143496751785,
                        0.7262300252914429,
                        0.32272279262542725
                    ],
                    [
                        -0.1812908798456192,
                        -0.008714661002159119,
                        0.6686751246452332,
                        0.4523899555206299
                    ],
                    [
                        -0.09032782912254333,
                        0.005647823214530945,
                        0.7380958795547485,
                        0.4749346077442169
                    ],
                    [
                        -0.03870825469493866,
                        0.025681301951408386,
                        0.8082573413848877,
                        0.49755021929740906
                    ],
                    [
                        0.025514669716358185,
                        0.08975718170404434,
                        1.0165104866027832,
                        0.36391329765319824
                    ],
                    [
                        0.001484651118516922,
                        0.03178311139345169,
                        0.8870747089385986,
                        0.3253292441368103
                    ]
                ]
            ],
            "actions_pred": [
                [
                    [
                        0.2567639946937561,
                        0.17908774316310883,
                        0.21008986234664917,
                        0.17325955629348755,
                        -0.06551730632781982,
                        -0.18689343333244324,
                        -0.03563836216926575,
                        0.1574128270149231,
                        -0.04038923978805542,
                        -0.11923591047525406,
                        -0.004754297435283661,
                        0.06997250765562057,
                        0.014600582420825958,
                        -0.0764840692281723,
                        -0.13145577907562256,
                        -0.1812908798456192,
                        -0.09032782912254333,
                        -0.03870825469493866,
                        0.025514669716358185,
                        0.001484651118516922
                    ],
                    [
                        -0.09016843140125275,
                        0.0949944257736206,
                        0.1636512130498886,
                        0.1034061387181282,
                        0.323760986328125,
                        0.1262151151895523,
                        0.16378101706504822,
                        -0.1359439492225647,
                        -0.009397368878126144,
                        0.05582369863986969,
                        -0.02259630709886551,
                        0.06604084372520447,
                        0.03454437851905823,
                        -0.08558109402656555,
                        -0.029639143496751785,
                        -0.008714661002159119,
                        0.005647823214530945,
                        0.025681301951408386,
                        0.08975718170404434,
                        0.03178311139345169
                    ],
                    [
                        0.364723265171051,
                        0.42492353916168213,
                        0.4127669632434845,
                        0.30237701535224915,
                        0.5234271883964539,
                        0.5674941539764404,
                        0.6149979829788208,
                        0.6816771030426025,
                        0.8386569023132324,
                        0.7795239686965942,
                        0.6749055981636047,
                        0.7374809384346008,
                        0.7112041711807251,
                        0.7631638050079346,
                        0.7262300252914429,
                        0.6686751246452332,
                        0.7380958795547485,
                        0.8082573413848877,
                        1.0165104866027832,
                        0.8870747089385986
                    ],
                    [
                        0.5091939568519592,
                        0.5573222637176514,
                        0.4029284715652466,
                        0.3676123023033142,
                        0.2345057725906372,
                        0.26398560404777527,
                        0.3838779330253601,
                        0.2922917604446411,
                        0.27402693033218384,
                        0.29794931411743164,
                        0.2693192660808563,
                        0.3420780897140503,
                        0.2775565981864929,
                        0.23922398686408997,
                        0.32272279262542725,
                        0.4523899555206299,
                        0.4749346077442169,
                        0.49755021929740906,
                        0.36391329765319824,
                        0.3253292441368103
                    ]
                ]
            ],
            "states": [
                [
                    [
                        5325744.0,
                        3.011092121596448e-05,
                        0.00027277067420072854,
                        851925.625
                    ],
                    [
                        5357600.0,
                        2.9456161428242922e-05,
                        0.00027305487310513854,
                        832487.0625
                    ],
                    [
                        5618240.0,
                        2.881258842535317e-05,
                        0.0002689558023121208,
                        866650.0
                    ],
                    [
                        5764488.0,
                        2.8174086764920503e-05,
                        0.0002797737834043801,
                        885137.0
                    ],
                    [
                        5370632.0,
                        2.7576063075684942e-05,
                        0.00025503398501314223,
                        827897.4375
                    ],
                    [
                        5432896.0,
                        2.7019848857889883e-05,
                        0.00027816780493594706,
                        880666.4375
                    ],
                    [
                        5364840.0,
                        2.6485795387998223e-05,
                        0.00026209698989987373,
                        834819.0
                    ],
                    [
                        5233072.0,
                        2.598174069134984e-05,
                        0.0002851165772881359,
                        880287.1875
                    ],
                    [
                        5114336.0,
                        2.5507837563054636e-05,
                        0.000267517170868814,
                        884475.5
                    ],
                    [
                        5458960.0,
                        2.504124859115109e-05,
                        0.00027258697082288563,
                        833080.1875
                    ],
                    [
                        5170808.0,
                        2.4588902306277305e-05,
                        0.00027191461413167417,
                        830618.8125
                    ],
                    [
                        5131712.0,
                        2.416586175968405e-05,
                        0.00027577357832342386,
                        795031.0
                    ],
                    [
                        5137504.0,
                        2.3758442694088444e-05,
                        0.00027702987426891923,
                        830415.5625
                    ],
                    [
                        5460408.0,
                        2.3352160496870056e-05,
                        0.0002779100905172527,
                        812805.0
                    ],
                    [
                        5332984.0,
                        2.2952330255066045e-05,
                        0.00026160795823670924,
                        784998.0
                    ],
                    [
                        5464752.0,
                        2.256591324112378e-05,
                        0.0002753763983491808,
                        843504.25
                    ],
                    [
                        5461856.0,
                        2.2187881768331863e-05,
                        0.0002731475979089737,
                        901654.0625
                    ],
                    [
                        5571904.0,
                        2.181875788664911e-05,
                        0.0002628508664201945,
                        880942.125
                    ],
                    [
                        5370632.0,
                        2.146460974472575e-05,
                        0.00026417680783197284,
                        856475.0625
                    ],
                    [
                        5508192.0,
                        2.1123838450876065e-05,
                        0.0002805523981805891,
                        865747.5
                    ]
                ]
            ],
            "actions": [
                [
                    [
                        0.75
                    ],
                    [
                        0.75
                    ],
                    [
                        0.75
                    ],
                    [
                        0.75
                    ],
                    [
                        0.75
                    ],
                    [
                        0.75
                    ],
                    [
                        0.75
                    ],
                    [
                        0.75
                    ],
                    [
                        0.75
                    ],
                    [
                        0.75
                    ],
                    [
                        0.75
                    ],
                    [
                        0.75
                    ],
                    [
                        0.75
                    ],
                    [
                        0.75
                    ],
                    [
                        0.75
                    ],
                    [
                        0.75
                    ],
                    [
                        0.75
                    ],
                    [
                        0.75
                    ],
                    [
                        0.75
                    ],
                    [
                        0.75
                    ]
                ]
            ],
            "returns": [
                [
                    [
                        0.34190085530281067
                    ],
                    [
                        0.34096771478652954
                    ],
                    [
                        0.34003403782844543
                    ],
                    [
                        0.3390961289405823
                    ],
                    [
                        0.33815598487854004
                    ],
                    [
                        0.33722206950187683
                    ],
                    [
                        0.33628717064857483
                    ],
                    [
                        0.33535337448120117
                    ],
                    [
                        0.3344217836856842
                    ],
                    [
                        0.3334922194480896
                    ],
                    [
                        0.33255690336227417
                    ],
                    [
                        0.33162635564804077
                    ],
                    [
                        0.3306964933872223
                    ],
                    [
                        0.32976654171943665
                    ],
                    [
                        0.32883119583129883
                    ],
                    [
                        0.32789793610572815
                    ],
                    [
                        0.32696250081062317
                    ],
                    [
                        0.3260270953178406
                    ],
                    [
                        0.3250899612903595
                    ],
                    [
                        0.3241560757160187
                    ]
                ]
            ],
            "timesteps": [
                [
                    260,
                    261,
                    262,
                    263,
                    264,
                    265,
                    266,
                    267,
                    268,
                    269,
                    270,
                    271,
                    272,
                    273,
                    274,
                    275,
                    276,
                    277,
                    278,
                    279
                ]
            ],
            "labels": [
                [
                    2,
                    2,
                    2,
                    2,
                    2,
                    2,
                    2,
                    2,
                    2,
                    2,
                    2,
                    2,
                    2,
                    2,
                    2,
                    2,
                    2,
                    2,
                    2,
                    2
                ]
            ],
            "CPU Usage": 47.8,
            "RAM Usage": 61.4,
            "GPU Usage": 0.0,
            "VRAM Usage": 465.0,
            "Disk Read Speed (MB/s)": 191411.15625,
            "Disk Write Speed (MB/s)": 296274.7197265625
        },
        {
            "step": 2,
            "train_loss": 0.05317387729883194,
            "actions_pred1": [
                [
                    [
                        0.36536335945129395,
                        0.12678241729736328,
                        0.9315667152404785,
                        0.2564357817173004
                    ],
                    [
                        0.26931703090667725,
                        0.07507797330617905,
                        0.6759610176086426,
                        0.5622674822807312
                    ],
                    [
                        0.23570391535758972,
                        0.1662134975194931,
                        0.5532766580581665,
                        0.5481992959976196
                    ],
                    [
                        0.1669805496931076,
                        0.14194093644618988,
                        0.5927831530570984,
                        0.4230002164840698
                    ],
                    [
                        0.1390836238861084,
                        0.10690907388925552,
                        0.6340646743774414,
                        0.0751984715461731
                    ],
                    [
                        0.0525764599442482,
                        0.10594348609447479,
                        0.678638219833374,
                        0.1368778944015503
                    ],
                    [
                        -0.03395705670118332,
                        0.038075901567935944,
                        0.7192836999893188,
                        0.09495124220848083
                    ],
                    [
                        -0.014725536108016968,
                        0.08953198045492172,
                        0.6522426605224609,
                        0.07143086194992065
                    ],
                    [
                        -0.013553082942962646,
                        0.14436624944210052,
                        0.6982250213623047,
                        -0.04901053011417389
                    ],
                    [
                        -0.04576452076435089,
                        0.28486257791519165,
                        0.6611137390136719,
                        0.10680720210075378
                    ],
                    [
                        -0.1559784710407257,
                        0.04230961203575134,
                        0.6918983459472656,
                        0.12399619817733765
                    ],
                    [
                        -0.1457764357328415,
                        -0.01650748774409294,
                        0.6886507868766785,
                        0.021759033203125
                    ],
                    [
                        -0.06767555326223373,
                        0.1601400375366211,
                        0.9508911967277527,
                        0.09435054659843445
                    ],
                    [
                        -0.07030036300420761,
                        0.11334974318742752,
                        0.8331016898155212,
                        0.15069064497947693
                    ],
                    [
                        -0.14003153145313263,
                        0.11665897071361542,
                        0.8095688223838806,
                        0.08145350217819214
                    ],
                    [
                        -0.14419540762901306,
                        -0.1143132746219635,
                        1.008512258529663,
                        0.151098370552063
                    ],
                    [
                        -0.2006554752588272,
                        -0.10277023911476135,
                        1.0700691938400269,
                        0.04406172037124634
                    ],
                    [
                        -0.1476568877696991,
                        0.05900496989488602,
                        0.9037164449691772,
                        0.10700377821922302
                    ],
                    [
                        -0.08494409918785095,
                        0.03492129594087601,
                        0.843269944190979,
                        0.050276339054107666
                    ],
                    [
                        -0.0778653547167778,
                        0.1544882357120514,
                        0.7380862236022949,
                        0.10843823850154877
                    ]
                ]
            ],
            "actions_pred": [
                [
                    [
                        0.36536335945129395,
                        0.26931703090667725,
                        0.23570391535758972,
                        0.1669805496931076,
                        0.1390836238861084,
