{
    "steps": [
        {
            "step": 0,
            "train_loss": 0.032656293362379074,
            "actions_pred1": [
                [
                    [
                        0.15855038166046143,
                        0.0015837512910366058,
                        0.6066805124282837,
                        0.9101227521896362
                    ],
                    [
                        -0.16494378447532654,
                        0.11407654732465744,
                        0.6464301347732544,
                        0.7171996235847473
                    ],
                    [
                        -0.19965390861034393,
                        -0.01787795126438141,
                        0.48330819606781006,
                        0.6686179041862488
                    ],
                    [
                        -0.2505913972854614,
                        0.012101098895072937,
                        0.5209304690361023,
                        0.5788138508796692
                    ],
                    [
                        -0.32259401679039,
                        0.06612689048051834,
                        0.516948401927948,
                        0.5849119424819946
                    ],
                    [
                        -0.17160280048847198,
                        0.022724971175193787,
                        0.47575879096984863,
                        0.4669058322906494
                    ],
                    [
                        -0.27240556478500366,
                        -0.13977359235286713,
                        0.6480547189712524,
                        0.39208343625068665
                    ],
                    [
                        -0.2585224211215973,
                        -0.050506770610809326,
                        0.7116798758506775,
                        0.3863743245601654
                    ],
                    [
                        -0.3562435209751129,
                        0.009227029979228973,
                        0.5986983180046082,
                        0.5203843712806702
                    ],
                    [
                        -0.30564847588539124,
                        0.001529991626739502,
                        0.5942961573600769,
                        0.4669623374938965
                    ],
                    [
                        -0.32324111461639404,
                        0.04860082268714905,
                        0.7309519052505493,
                        0.5212990045547485
                    ],
                    [
                        -0.1852881908416748,
                        -0.11139631271362305,
                        0.6159807443618774,
                        0.6506797671318054
                    ],
                    [
                        -0.2674415111541748,
                        -0.07823295891284943,
                        0.6957525014877319,
                        0.6165934205055237
                    ],
                    [
                        -0.26796025037765503,
                        0.024695582687854767,
                        0.6225646138191223,
                        0.49892181158065796
                    ],
                    [
                        -0.2704141438007355,
                        0.08534945547580719,
                        0.7777948975563049,
                        0.45967912673950195
                    ],
                    [
                        -0.14886707067489624,
                        0.06477119773626328,
                        0.7133285403251648,
                        0.435863733291626
                    ],
                    [
                        -0.18279355764389038,
                        0.08329949527978897,
                        0.8033725619316101,
                        0.5252718925476074
                    ],
                    [
                        -0.3221834897994995,
                        0.16257254779338837,
                        0.8099788427352905,
                        0.3484923243522644
                    ],
                    [
                        -0.2573893666267395,
                        0.12007788568735123,
                        0.7733036279678345,
                        0.3297256827354431
                    ],
                    [
                        -0.1952754110097885,
                        0.07372426241636276,
                        0.7088571190834045,
                        0.48140817880630493
                    ]
                ]
            ],
            "actions_pred": [
                [
                    [
                        0.15855038166046143,
                        -0.16494378447532654,
                        -0.19965390861034393,
                        -0.2505913972854614,
                        -0.32259401679039,
                        -0.17160280048847198,
                        -0.27240556478500366,
                        -0.2585224211215973,
                        -0.3562435209751129,
                        -0.30564847588539124,
                        -0.32324111461639404,
                        -0.1852881908416748,
                        -0.2674415111541748,
                        -0.26796025037765503,
                        -0.2704141438007355,
                        -0.14886707067489624,
                        -0.18279355764389038,
                        -0.3221834897994995,
                        -0.2573893666267395,
                        -0.1952754110097885
                    ],
                    [
                        0.0015837512910366058,
                        0.11407654732465744,
                        -0.01787795126438141,
                        0.012101098895072937,
                        0.06612689048051834,
                        0.022724971175193787,
                        -0.13977359235286713,
                        -0.050506770610809326,
                        0.009227029979228973,
                        0.001529991626739502,
                        0.04860082268714905,
                        -0.11139631271362305,
                        -0.07823295891284943,
                        0.024695582687854767,
                        0.08534945547580719,
                        0.06477119773626328,
                        0.08329949527978897,
                        0.16257254779338837,
                        0.12007788568735123,
                        0.07372426241636276
                    ],
                    [
                        0.6066805124282837,
                        0.6464301347732544,
                        0.48330819606781006,
                        0.5209304690361023,
                        0.516948401927948,
                        0.47575879096984863,
                        0.6480547189712524,
                        0.7116798758506775,
                        0.5986983180046082,
                        0.5942961573600769,
                        0.7309519052505493,
                        0.6159807443618774,
                        0.6957525014877319,
                        0.6225646138191223,
                        0.7777948975563049,
                        0.7133285403251648,
                        0.8033725619316101,
                        0.8099788427352905,
                        0.7733036279678345,
                        0.7088571190834045
                    ],
                    [
                        0.9101227521896362,
                        0.7171996235847473,
                        0.6686179041862488,
                        0.5788138508796692,
                        0.5849119424819946,
                        0.4669058322906494,
                        0.39208343625068665,
                        0.3863743245601654,
                        0.5203843712806702,
                        0.4669623374938965,
                        0.5212990045547485,
                        0.6506797671318054,
                        0.6165934205055237,
                        0.49892181158065796,
                        0.45967912673950195,
                        0.435863733291626,
                        0.5252718925476074,
                        0.3484923243522644,
                        0.3297256827354431,
                        0.48140817880630493
                    ]
                ]
            ],
            "states": [
                [
                    [
                        5466200.0,
                        1.129001520894235e-05,
                        0.0002789112040773034,
                        818770.4375
                    ],
                    [
                        5612448.0,
                        1.1129687663924415e-05,
                        0.00025781430304050446,
                        898413.75
                    ],
                    [
                        5046280.0,
                        1.0979628314089496e-05,
                        0.0002818313369061798,
                        909004.75
                    ],
                    [
                        5249000.0,
                        1.0838540219992865e-05,
                        0.00027022496215067804,
                        810422.3125
                    ],
                    [
                        5515432.0,
                        1.0694837328628637e-05,
                        0.00027221045456826687,
                        891063.1875
                    ],
                    [
                        5182392.0,
                        1.0555714652582537e-05,
                        0.0002733847650233656,
                        862686.6875
                    ],
                    [
                        5021664.0,
                        1.0426368135085795e-05,
                        0.00026607781182974577,
                        893778.125
                    ],
                    [
                        5292440.0,
                        1.0298814231646247e-05,
                        0.00028466759249567986,
                        852371.5625
                    ],
                    [
                        5366288.0,
                        1.0170228961214889e-05,
                        0.0002693114511203021,
                        775255.625
                    ],
                    [
                        5483576.0,
                        1.0042614121630322e-05,
                        0.0002695369767025113,
                        802315.875
                    ],
                    [
                        5369184.0,
                        9.918102477968205e-06,
                        0.00026757299201563,
                        854250.0
                    ],
                    [
                        5670368.0,
                        9.794596735446248e-06,
                        0.0002770914288703352,
                        851009.75
                    ],
                    [
                        5537152.0,
                        9.67230062087765e-06,
                        0.0002540841815061867,
                        843244.5625
                    ],
                    [
                        5557424.0,
                        9.554213647788856e-06,
                        0.0002650599053595215,
                        914621.5625
                    ],
                    [
                        5403936.0,
                        9.440349458600394e-06,
                        0.00027801760006695986,
                        829670.8125
                    ],
                    [
                        5246104.0,
                        9.332287845609244e-06,
                        0.0002704633225221187,
                        839801.4375
                    ],
                    [
                        5603760.0,
                        9.224719178746454e-06,
                        0.0002756867033895105,
                        804814.3125
                    ],
                    [
                        5383664.0,
                        9.118263733398635e-06,
                        0.00025344316964037716,
                        920753.0625
                    ],
                    [
                        5525568.0,
                        8.914936188375577e-06,
                        0.000413205154472962,
                        941023.9375
                    ],
                    [
                        5521224.0,
                        8.814949069346767e-06,
                        0.00012937834253534675,
                        850908.25
                    ]
                ]
            ],
            "actions": [
                [
                    [
                        0.75
                    ],
                    [
                        0.75
                    ],
                    [
                        0.75
                    ],
                    [
                        0.75
                    ],
                    [
                        0.75
                    ],
                    [
                        0.75
                    ],
                    [
                        0.75
                    ],
                    [
                        0.75
                    ],
                    [
                        0.75
                    ],
                    [
                        0.75
                    ],
                    [
                        0.75
                    ],
                    [
                        0.75
                    ],
                    [
                        0.75
                    ],
                    [
                        0.75
                    ],
                    [
                        0.75
                    ],
                    [
                        0.75
                    ],
                    [
                        0.75
                    ],
                    [
                        0.75
                    ],
                    [
                        0.75
                    ],
                    [
                        0.75
                    ]
                ]
            ],
            "returns": [
                [
                    [
                        0.5242103934288025
                    ],
                    [
                        0.5232749581336975
                    ],
                    [
                        0.5223371386528015
                    ],
                    [
                        0.5214087963104248
                    ],
                    [
                        0.5204769372940063
                    ],
                    [
                        0.5195406675338745
                    ],
                    [
                        0.5186099410057068
                    ],
                    [
                        0.5176820158958435
                    ],
                    [
                        0.5167494416236877
                    ],
                    [
                        0.5158156156539917
                    ],
                    [
                        0.5148798823356628
                    ],
                    [
                        0.513945996761322
                    ],
                    [
                        0.5130072832107544
                    ],
                    [
                        0.5120707154273987
                    ],
                    [
                        0.5111337900161743
                    ],
                    [
                        0.5101993083953857
                    ],
                    [
                        0.5092675089836121
                    ],
                    [
                        0.5083298683166504
                    ],
                    [
                        0.5073957443237305
                    ],
                    [
                        0.5064593553543091
                    ]
                ]
            ],
            "timesteps": [
                [
                    60,
                    61,
                    62,
                    63,
                    64,
                    65,
                    66,
                    67,
                    68,
                    69,
                    70,
                    71,
                    72,
                    73,
                    74,
                    75,
                    76,
                    77,
                    78,
                    79
                ]
            ],
            "labels": [
                [
                    2,
                    2,
                    2,
                    2,
                    2,
                    2,
                    2,
                    2,
                    2,
                    2,
                    2,
                    2,
                    2,
                    2,
                    2,
                    2,
                    2,
                    2,
                    2,
                    2
                ]
            ],
            "CPU Usage": 49.1,
            "RAM Usage": 59.9,
            "GPU Usage": 13.0,
            "VRAM Usage": 457.0,
            "Disk Read Speed (MB/s)": 191411.0546875,
            "Disk Write Speed (MB/s)": 294156.2939453125
        },
        {
            "step": 1,
            "train_loss": 0.06257151067256927,
            "actions_pred1": [
                [
                    [
                        -0.12017299979925156,
                        -0.03325094282627106,
                        0.7421098947525024,
                        0.22945716977119446
                    ],
                    [
                        -0.18614283204078674,
                        0.09464586526155472,
                        0.7035530209541321,
                        0.4844170808792114
                    ],
                    [
                        -0.3267456889152527,
                        0.014830425381660461,
                        0.4376012086868286,
                        0.6022569537162781
                    ],
                    [
                        -0.35836514830589294,
                        0.006682500243186951,
                        0.4262959361076355,
                        0.5161526203155518
                    ],
                    [
                        -0.25209009647369385,
                        -0.03514888882637024,
                        0.5870711803436279,
                        0.38503146171569824
                    ],
                    [
                        -0.3194940686225891,
                        0.021660171449184418,
                        0.7701573967933655,
                        0.3816058039665222
                    ],
                    [
                        -0.37698614597320557,
                        -0.01659441366791725,
                        0.872566819190979,
                        0.27871790528297424
                    ],
                    [
                        -0.5588751435279846,
                        0.007801875472068787,
                        0.8649309873580933,
                        0.2489447444677353
                    ],
                    [
                        -0.42068424820899963,
                        0.04015409201383591,
                        0.9200383424758911,
                        0.28510457277297974
                    ],
                    [
                        -0.47098833322525024,
                        0.024929456412792206,
                        1.025154948234558,
                        0.29283303022384644
                    ],
                    [
                        -0.5054321885108948,
                        -0.0049369558691978455,
                        0.9429742097854614,
                        0.2844827175140381
                    ],
                    [
                        -0.2203444540500641,
                        -0.179535910487175,
                        0.9352568984031677,
                        0.2668651342391968
                    ],
                    [
                        -0.35030949115753174,
                        -0.16193270683288574,
                        0.9258570075035095,
                        0.3259980082511902
                    ],
                    [
                        -0.3259708285331726,
                        -0.18774539232254028,
                        0.8520141839981079,
                        0.19685372710227966
                    ],
                    [
                        -0.24324169754981995,
                        -0.06582437455654144,
                        0.840523898601532,
                        0.27627307176589966
                    ],
                    [
                        -0.27745214104652405,
                        -0.04985954985022545,
                        0.8907977938652039,
                        0.18528786301612854
                    ],
                    [
                        -0.3232012391090393,
                        0.02886885404586792,
                        0.9061793088912964,
                        0.21969179809093475
                    ],
                    [
                        -0.29357656836509705,
                        0.0039637163281440735,
                        0.8344996571540833,
                        0.32237499952316284
                    ],
                    [
                        -0.28897297382354736,
                        -0.04870116710662842,
                        0.9006732702255249,
                        0.23812969028949738
                    ],
                    [
                        -0.29185083508491516,
                        -0.18554265797138214,
                        0.8650991320610046,
                        0.2982664108276367
                    ]
                ]
            ],
            "actions_pred": [
                [
                    [
                        -0.12017299979925156,
                        -0.18614283204078674,
                        -0.3267456889152527,
                        -0.35836514830589294,
                        -0.25209009647369385,
                        -0.3194940686225891,
                        -0.37698614597320557,
                        -0.5588751435279846,
                        -0.42068424820899963,
                        -0.47098833322525024,
                        -0.5054321885108948,
                        -0.2203444540500641,
                        -0.35030949115753174,
                        -0.3259708285331726,
                        -0.24324169754981995,
                        -0.27745214104652405,
                        -0.3232012391090393,
                        -0.29357656836509705,
                        -0.28897297382354736,
                        -0.29185083508491516
                    ],
                    [
                        -0.03325094282627106,
                        0.09464586526155472,
                        0.014830425381660461,
                        0.006682500243186951,
                        -0.03514888882637024,
                        0.021660171449184418,
                        -0.01659441366791725,
                        0.007801875472068787,
                        0.04015409201383591,
                        0.024929456412792206,
                        -0.0049369558691978455,
                        -0.179535910487175,
                        -0.16193270683288574,
                        -0.18774539232254028,
                        -0.06582437455654144,
                        -0.04985954985022545,
                        0.02886885404586792,
                        0.0039637163281440735,
                        -0.04870116710662842,
                        -0.18554265797138214
                    ],
                    [
                        0.7421098947525024,
                        0.7035530209541321,
                        0.4376012086868286,
                        0.4262959361076355,
                        0.5870711803436279,
                        0.7701573967933655,
                        0.872566819190979,
                        0.8649309873580933,
                        0.9200383424758911,
                        1.025154948234558,
                        0.9429742097854614,
                        0.9352568984031677,
                        0.9258570075035095,
                        0.8520141839981079,
                        0.840523898601532,
                        0.8907977938652039,
                        0.9061793088912964,
                        0.8344996571540833,
                        0.9006732702255249,
                        0.8650991320610046
                    ],
                    [
                        0.22945716977119446,
                        0.4844170808792114,
                        0.6022569537162781,
                        0.5161526203155518,
                        0.38503146171569824,
                        0.3816058039665222,
                        0.27871790528297424,
                        0.2489447444677353,
                        0.28510457277297974,
                        0.29283303022384644,
                        0.2844827175140381,
                        0.2668651342391968,
                        0.3259980082511902,
                        0.19685372710227966,
                        0.27627307176589966,
                        0.18528786301612854,
                        0.21969179809093475,
                        0.32237499952316284,
                        0.23812969028949738,
                        0.2982664108276367
                    ]
                ]
            ],
            "states": [
                [
                    [
                        6621704.0,
                        1.1313585673633497e-05,
                        0.0001999229716602713,
                        484312.6875
                    ],
                    [
                        5593624.0,
                        1.1206535418750718e-05,
                        0.0002002958208322525,
                        482520.40625
                    ],
                    [
                        5813720.0,
                        1.1108420039818157e-05,
                        0.0002003357367357239,
                        504661.125
                    ],
                    [
                        6207576.0,
                        1.1006884960806929e-05,
                        0.00022690219338983297,
                        474948.0
                    ],
                    [
                        8008888.0,
                        1.0889214536291547e-05,
                        0.00020534798386506736,
                        464277.84375
                    ],
                    [
                        6072912.0,
                        1.0774994734674692e-05,
                        0.00021573639241978526,
                        487907.71875
                    ],
                    [
                        5771728.0,
                        1.0680801096896175e-05,
                        0.00024723794194869697,
                        495985.625
                    ],
                    [
                        6184408.0,
                        1.058739326253999e-05,
                        0.00024693002342246473,
                        490380.28125
                    ],
                    [
                        5453168.0,
                        1.0498003575776238e-05,
                        0.00023204070748761296,
                        479010.4375
                    ],
                    [
                        5473440.0,
                        1.0415451470180415e-05,
                        0.00018021401774603873,
                        503120.46875
                    ],
                    [
                        5495160.0,
                        1.0333877071388997e-05,
                        0.0002400711819063872,
                        501130.78125
                    ],
                    [
                        5522672.0,
                        1.0253213076794054e-05,
                        0.000246424344368279,
                        482833.53125
                    ],
                    [
                        5845344.0,
                        1.0171300345973577e-05,
                        0.0002318411279702559,
                        521404.9375
                    ],
                    [
                        5531592.0,
                        1.0090602700074669e-05,
                        0.00026174713275395334,
                        512859.59375
                    ],
                    [
                        5728288.0,
                        1.0011996891989838e-05,
                        0.0002589555806480348,
                        492848.15625
                    ],
                    [
                        8446184.0,
                        9.914833754010033e-06,
                        0.0002588448696769774,
                        439526.84375
                    ],
                    [
                        5611000.0,
                        9.82020083029056e-06,
                        0.0002629015070851892,
                        482211.375
                    ],
                    [
                        5854264.0,
                        9.744398084876593e-06,
                        0.00024613598361611366,
                        493941.5
                    ],
                    [
                        5595072.0,
                        9.669850442151073e-06,
                        0.00026028408319689333,
                        487503.5625
                    ],
                    [
                        5576248.0,
                        9.598206816008314e-06,
                        0.000249440228799358,
                        493113.71875
                    ]
                ]
            ],
            "actions": [
                [
                    [
                        0.25
                    ],
                    [
                        0.25
                    ],
                    [
                        0.25
                    ],
                    [
                        0.25
                    ],
                    [
                        0.25
                    ],
                    [
                        0.25
                    ],
                    [
                        0.25
                    ],
                    [
                        0.25
                    ],
                    [
                        0.25
                    ],
                    [
                        0.25
                    ],
                    [
                        0.25
                    ],
                    [
                        0.25
                    ],
                    [
                        0.25
                    ],
                    [
                        0.25
                    ],
                    [
                        0.25
                    ],
                    [
                        0.25
                    ],
                    [
                        0.25
                    ],
                    [
                        0.25
                    ],
                    [
                        0.25
                    ],
                    [
                        0.25
                    ]
                ]
            ],
            "returns": [
                [
                    [
                        0.22746260464191437
                    ],
                    [
                        0.22651013731956482
                    ],
                    [
                        0.2255726456642151
                    ],
                    [
                        0.22463172674179077
                    ],
                    [
                        0.22368499636650085
                    ],
                    [
                        0.22271567583084106
                    ],
                    [
                        0.22177089750766754
                    ],
                    [
                        0.22083061933517456
                    ],
                    [
                        0.2198842167854309
                    ],
                    [
                        0.21894897520542145
                    ],
                    [
                        0.21801340579986572
                    ],
                    [
                        0.21707747876644135
                    ],
                    [
                        0.21614111959934235
                    ],
                    [
                        0.21519970893859863
                    ],
                    [
                        0.2142632007598877
                    ],
                    [
                        0.21332359313964844
                    ],
                    [
                        0.2123495638370514
                    ],
                    [
                        0.21141178905963898
                    ],
                    [
                        0.2104702591896057
                    ],
                    [
                        0.2095327377319336
                    ]
                ]
            ],
            "timesteps": [
                [
                    380,
                    381,
                    382,
                    383,
                    384,
                    385,
                    386,
                    387,
                    388,
                    389,
                    390,
                    391,
                    392,
                    393,
                    394,
                    395,
                    396,
                    397,
                    398,
                    399
                ]
            ],
            "labels": [
                [
                    0,
                    0,
                    0,
                    0,
                    0,
                    0,
                    0,
                    0,
                    0,
                    0,
                    0,
                    0,
                    0,
                    0,
                    0,
                    0,
                    0,
                    0,
                    0,
                    0
                ]
            ],
            "CPU Usage": 49.0,
            "RAM Usage": 61.1,
            "GPU Usage": 13.0,
            "VRAM Usage": 457.0,
            "Disk Read Speed (MB/s)": 191411.0546875,
            "Disk Write Speed (MB/s)": 294156.4892578125
        },
        {
            "step": 2,
            "train_loss": 0.05377574637532234,
            "actions_pred1": [
                [
                    [
                        0.3466222286224365,
                        0.10512076318264008,
                        0.9210630059242249,
                        0.3106080889701843
                    ],
                    [
                        0.24984079599380493,
                        0.05329938605427742,
                        0.664920449256897,
                        0.6185467839241028
                    ],
                    [
                        0.2161591500043869,
                        0.14347273111343384,
                        0.5407414436340332,
                        0.6061531901359558
                    ],
                    [
                        0.1471487581729889,
                        0.11939513683319092,
                        0.5797507762908936,
                        0.4804964065551758
                    ],
                    [
                        0.11896146833896637,
                        0.08559230715036392,
                        0.6220582127571106,
                        0.13127341866493225
                    ],
                    [
                        0.0324084609746933,
                        0.0843711793422699,
                        0.6656873226165771,
                        0.1936347782611847
                    ],
                    [
                        -0.0542193278670311,
                        0.01568426936864853,
                        0.7062869668006897,
                        0.1517903059720993
                    ],
                    [
                        -0.034301236271858215,
                        0.06679700314998627,
                        0.6391312479972839,
                        0.12893866002559662
                    ],
                    [
                        -0.03289876878261566,
                        0.12174368649721146,
                        0.6841102838516235,
                        0.009360656142234802
                    ],
                    [
                        -0.06405481696128845,
                        0.2620249092578888,
                        0.6480119228363037,
                        0.16127623617649078
                    ],
                    [
                        -0.17575380206108093,
                        0.02035526931285858,
                        0.6791309714317322,
                        0.17811721563339233
                    ],
                    [
                        -0.16576725244522095,
                        -0.0388479083776474,
                        0.6744585633277893,
                        0.07731765508651733
                    ],
                    [
                        -0.08781833946704865,
                        0.13829119503498077,
                        0.9380401372909546,
                        0.1490548700094223
                    ],
                    [
                        -0.09073036164045334,
                        0.09103748947381973,
                        0.819624125957489,
                        0.20667237043380737
                    ],
                    [
                        -0.15963098406791687,
                        0.09471071511507034,
                        0.7964039444923401,
                        0.13743993639945984
                    ],
                    [
                        -0.16388702392578125,
                        -0.13608980178833008,
                        0.9969366192817688,
                        0.20457422733306885
                    ],
                    [
                        -0.22149953246116638,
                        -0.12375492602586746,
                        1.0594362020492554,
                        0.09662744402885437
                    ],
                    [
                        -0.16861316561698914,
                        0.037161972373723984,
                        0.8916134238243103,
                        0.16125845909118652
                    ],
                    [
                        -0.10521803051233292,
                        0.012575194239616394,
                        0.8301494121551514,
                        0.10592392086982727
                    ],
                    [
                        -0.09712519496679306,
                        0.13297085464000702,
                        0.7252926826477051,
                        0.1632811427116394
                    ]
                ]
            ],
            "actions_pred": [
                [
                    [
                        0.3466222286224365,
                        0.24984079599380493,
                        0.2161591500043869,
                        0.1471487581729889,
                        0.11896146833896637,
                        0.0324084609746933,
