{
    "steps": [
        {
            "step": 0,
            "train_loss": 0.03757669776678085,
            "actions_pred1": [
                [
                    [
                        0.08615531027317047,
                        -0.18420639634132385,
                        0.23462893068790436,
                        0.8941347599029541
                    ],
                    [
                        0.009722582995891571,
                        -0.00483742356300354,
                        0.28964972496032715,
                        0.9432337284088135
                    ],
                    [
                        0.0433993935585022,
                        0.06687605381011963,
                        0.276170551776886,
                        0.7853522300720215
                    ],
                    [
                        0.0066161081194877625,
                        0.008119091391563416,
                        0.17308080196380615,
                        0.750976026058197
                    ],
                    [
                        -0.22051963210105896,
                        0.22772687673568726,
                        0.3837071359157562,
                        0.6168045997619629
                    ],
                    [
                        -0.34035226702690125,
                        0.03475360572338104,
                        0.4292212724685669,
                        0.6330351829528809
                    ],
                    [
                        -0.20678618550300598,
                        0.07613738626241684,
                        0.4685975909233093,
                        0.7460968494415283
                    ],
                    [
                        -0.02657279372215271,
                        -0.23613035678863525,
                        0.5381889343261719,
                        0.6835894584655762
                    ],
                    [
                        -0.22736133635044098,
                        -0.11330343782901764,
                        0.6918221116065979,
                        0.6661965847015381
                    ],
                    [
                        -0.2998310327529907,
                        -0.04245883971452713,
                        0.6332839727401733,
                        0.6839482188224792
                    ],
                    [
                        -0.1828204095363617,
                        -0.11778567731380463,
                        0.5320121049880981,
                        0.645587682723999
                    ],
                    [
                        -0.10392561554908752,
                        -0.03472059220075607,
                        0.5832557678222656,
                        0.717267632484436
                    ],
                    [
                        -0.16451096534729004,
                        -0.0618307888507843,
                        0.5632374286651611,
                        0.6539484262466431
                    ],
                    [
                        -0.25168848037719727,
                        -0.17627780139446259,
                        0.6298252940177917,
                        0.6055011749267578
                    ],
                    [
                        -0.3051603138446808,
                        -0.11632680892944336,
                        0.5920088291168213,
                        0.6939782500267029
                    ],
                    [
                        -0.3513678312301636,
                        -0.10091587901115417,
                        0.5254397392272949,
                        0.8294461369514465
                    ],
                    [
                        -0.268545925617218,
                        -0.08794369548559189,
                        0.6045988202095032,
                        0.853869616985321
                    ],
                    [
                        -0.22204473614692688,
                        -0.06669828295707703,
                        0.6712659597396851,
                        0.8760802745819092
                    ],
                    [
                        -0.16003361344337463,
                        -0.002567574381828308,
                        0.8767166137695312,
                        0.7359791398048401
                    ],
                    [
                        -0.18195244669914246,
                        -0.06219438463449478,
                        0.7441530823707581,
                        0.6988593935966492
                    ]
                ]
            ],
            "actions_pred": [
                [
                    [
                        0.08615531027317047,
                        0.009722582995891571,
                        0.0433993935585022,
                        0.0066161081194877625,
                        -0.22051963210105896,
                        -0.34035226702690125,
                        -0.20678618550300598,
                        -0.02657279372215271,
                        -0.22736133635044098,
                        -0.2998310327529907,
                        -0.1828204095363617,
                        -0.10392561554908752,
                        -0.16451096534729004,
                        -0.25168848037719727,
                        -0.3051603138446808,
                        -0.3513678312301636,
                        -0.268545925617218,
                        -0.22204473614692688,
                        -0.16003361344337463,
                        -0.18195244669914246
                    ],
                    [
                        -0.18420639634132385,
                        -0.00483742356300354,
                        0.06687605381011963,
                        0.008119091391563416,
                        0.22772687673568726,
                        0.03475360572338104,
                        0.07613738626241684,
                        -0.23613035678863525,
                        -0.11330343782901764,
                        -0.04245883971452713,
                        -0.11778567731380463,
                        -0.03472059220075607,
                        -0.0618307888507843,
                        -0.17627780139446259,
                        -0.11632680892944336,
                        -0.10091587901115417,
                        -0.08794369548559189,
                        -0.06669828295707703,
                        -0.002567574381828308,
                        -0.06219438463449478
                    ],
                    [
                        0.23462893068790436,
                        0.28964972496032715,
                        0.276170551776886,
                        0.17308080196380615,
                        0.3837071359157562,
                        0.4292212724685669,
                        0.4685975909233093,
                        0.5381889343261719,
                        0.6918221116065979,
                        0.6332839727401733,
                        0.5320121049880981,
                        0.5832557678222656,
                        0.5632374286651611,
                        0.6298252940177917,
                        0.5920088291168213,
                        0.5254397392272949,
                        0.6045988202095032,
                        0.6712659597396851,
                        0.8767166137695312,
                        0.7441530823707581
                    ],
                    [
                        0.8941347599029541,
                        0.9432337284088135,
                        0.7853522300720215,
                        0.750976026058197,
                        0.6168045997619629,
                        0.6330351829528809,
                        0.7460968494415283,
                        0.6835894584655762,
                        0.6661965847015381,
                        0.6839482188224792,
                        0.645587682723999,
                        0.717267632484436,
                        0.6539484262466431,
                        0.6055011749267578,
                        0.6939782500267029,
                        0.8294461369514465,
                        0.853869616985321,
                        0.8760802745819092,
                        0.7359791398048401,
                        0.6988593935966492
                    ]
                ]
            ],
            "states": [
                [
                    [
                        5325744.0,
                        3.011092121596448e-05,
                        0.00027277067420072854,
                        851925.625
                    ],
                    [
                        5357600.0,
                        2.9456161428242922e-05,
                        0.00027305487310513854,
                        832487.0625
                    ],
                    [
                        5618240.0,
                        2.881258842535317e-05,
                        0.0002689558023121208,
                        866650.0
                    ],
                    [
                        5764488.0,
                        2.8174086764920503e-05,
                        0.0002797737834043801,
                        885137.0
                    ],
                    [
                        5370632.0,
                        2.7576063075684942e-05,
                        0.00025503398501314223,
                        827897.4375
                    ],
                    [
                        5432896.0,
                        2.7019848857889883e-05,
                        0.00027816780493594706,
                        880666.4375
                    ],
                    [
                        5364840.0,
                        2.6485795387998223e-05,
                        0.00026209698989987373,
                        834819.0
                    ],
                    [
                        5233072.0,
                        2.598174069134984e-05,
                        0.0002851165772881359,
                        880287.1875
                    ],
                    [
                        5114336.0,
                        2.5507837563054636e-05,
                        0.000267517170868814,
                        884475.5
                    ],
                    [
                        5458960.0,
                        2.504124859115109e-05,
                        0.00027258697082288563,
                        833080.1875
                    ],
                    [
                        5170808.0,
                        2.4588902306277305e-05,
                        0.00027191461413167417,
                        830618.8125
                    ],
                    [
                        5131712.0,
                        2.416586175968405e-05,
                        0.00027577357832342386,
                        795031.0
                    ],
                    [
                        5137504.0,
                        2.3758442694088444e-05,
                        0.00027702987426891923,
                        830415.5625
                    ],
                    [
                        5460408.0,
                        2.3352160496870056e-05,
                        0.0002779100905172527,
                        812805.0
                    ],
                    [
                        5332984.0,
                        2.2952330255066045e-05,
                        0.00026160795823670924,
                        784998.0
                    ],
                    [
                        5464752.0,
                        2.256591324112378e-05,
                        0.0002753763983491808,
                        843504.25
                    ],
                    [
                        5461856.0,
                        2.2187881768331863e-05,
                        0.0002731475979089737,
                        901654.0625
                    ],
                    [
                        5571904.0,
                        2.181875788664911e-05,
                        0.0002628508664201945,
                        880942.125
                    ],
                    [
                        5370632.0,
                        2.146460974472575e-05,
                        0.00026417680783197284,
                        856475.0625
                    ],
                    [
                        5508192.0,
                        2.1123838450876065e-05,
                        0.0002805523981805891,
                        865747.5
                    ]
                ]
            ],
            "actions": [
                [
                    [
                        0.75
                    ],
                    [
                        0.75
                    ],
                    [
                        0.75
                    ],
                    [
                        0.75
                    ],
                    [
                        0.75
                    ],
                    [
                        0.75
                    ],
                    [
                        0.75
                    ],
                    [
                        0.75
                    ],
                    [
                        0.75
                    ],
                    [
                        0.75
                    ],
                    [
                        0.75
                    ],
                    [
                        0.75
                    ],
                    [
                        0.75
                    ],
                    [
                        0.75
                    ],
                    [
                        0.75
                    ],
                    [
                        0.75
                    ],
                    [
                        0.75
                    ],
                    [
                        0.75
                    ],
                    [
                        0.75
                    ],
                    [
                        0.75
                    ]
                ]
            ],
            "returns": [
                [
                    [
                        0.34190085530281067
                    ],
                    [
                        0.34096771478652954
                    ],
                    [
                        0.34003403782844543
                    ],
                    [
                        0.3390961289405823
                    ],
                    [
                        0.33815598487854004
                    ],
                    [
                        0.33722206950187683
                    ],
                    [
                        0.33628717064857483
                    ],
                    [
                        0.33535337448120117
                    ],
                    [
                        0.3344217836856842
                    ],
                    [
                        0.3334922194480896
                    ],
                    [
                        0.33255690336227417
                    ],
                    [
                        0.33162635564804077
                    ],
                    [
                        0.3306964933872223
                    ],
                    [
                        0.32976654171943665
                    ],
                    [
                        0.32883119583129883
                    ],
                    [
                        0.32789793610572815
                    ],
                    [
                        0.32696250081062317
                    ],
                    [
                        0.3260270953178406
                    ],
                    [
                        0.3250899612903595
                    ],
                    [
                        0.3241560757160187
                    ]
                ]
            ],
            "timesteps": [
                [
                    260,
                    261,
                    262,
                    263,
                    264,
                    265,
                    266,
                    267,
                    268,
                    269,
                    270,
                    271,
                    272,
                    273,
                    274,
                    275,
                    276,
                    277,
                    278,
                    279
                ]
            ],
            "labels": [
                [
                    2,
                    2,
                    2,
                    2,
                    2,
                    2,
                    2,
                    2,
                    2,
                    2,
                    2,
                    2,
                    2,
                    2,
                    2,
                    2,
                    2,
                    2,
                    2,
                    2
                ]
            ],
            "CPU Usage": 51.5,
            "RAM Usage": 57.8,
            "GPU Usage": 0.0,
            "VRAM Usage": 433.0,
            "Disk Read Speed (MB/s)": 190394.0380859375,
            "Disk Write Speed (MB/s)": 269669.2119140625
        },
        {
            "step": 1,
            "train_loss": 0.044983647763729095,
            "actions_pred1": [
                [
                    [
                        -0.21288681030273438,
                        -0.10808568447828293,
                        0.5699752569198608,
                        0.7280937433242798
                    ],
                    [
                        -0.23606014251708984,
                        -0.049853287637233734,
                        0.5862427949905396,
                        0.6576848030090332
                    ],
                    [
                        -0.3138052821159363,
                        -0.010822765529155731,
                        0.6492418050765991,
                        0.5353278517723083
                    ],
                    [
                        -0.4174148440361023,
                        -0.0025538280606269836,
                        0.6192975044250488,
                        0.5601369738578796
                    ],
                    [
                        -0.4522819221019745,
                        0.1387869417667389,
                        0.530528724193573,
                        0.5098788738250732
                    ],
                    [
                        -0.3446367681026459,
                        0.04623551666736603,
                        0.6044137477874756,
                        0.5562769174575806
                    ],
                    [
                        -0.23097819089889526,
                        0.07771944999694824,
                        0.5327994227409363,
                        0.6426347494125366
                    ],
                    [
                        -0.4916987121105194,
                        0.15988731384277344,
                        0.8106353878974915,
                        0.5378720760345459
                    ],
                    [
                        -0.5043023824691772,
                        0.23693490028381348,
                        0.9013072848320007,
                        0.5454282164573669
                    ],
                    [
                        -0.6104597449302673,
                        0.180450901389122,
                        0.9254803657531738,
                        0.5091438293457031
                    ],
                    [
                        -0.6441929340362549,
                        0.17170745134353638,
                        0.9829568862915039,
                        0.42641252279281616
                    ],
                    [
                        -0.44914165139198303,
                        0.05032661557197571,
                        0.818408727645874,
                        0.5649132132530212
                    ],
                    [
                        -0.45185980200767517,
                        0.014812983572483063,
                        0.8667093515396118,
                        0.4874139130115509
                    ],
                    [
                        -0.5027542114257812,
                        -0.05060301721096039,
                        0.8839089870452881,
                        0.48566412925720215
                    ],
                    [
                        -0.4106315076351166,
                        -0.005070574581623077,
                        0.8348029255867004,
                        0.549415647983551
                    ],
                    [
                        -0.39671438932418823,
                        -0.048117995262145996,
                        0.6435579061508179,
                        0.6638481616973877
                    ],
                    [
                        -0.3402636647224426,
                        0.020755533128976822,
                        0.6168986558914185,
                        0.6791021823883057
                    ],
                    [
                        -0.3169592618942261,
                        0.012248940765857697,
                        0.6040595173835754,
                        0.632735013961792
                    ],
                    [
                        -0.18788963556289673,
                        0.007385633885860443,
                        0.6934542059898376,
                        0.5772606730461121
                    ],
                    [
                        -0.34872233867645264,
                        0.09181779623031616,
                        0.677069365978241,
                        0.6261507868766785
                    ]
                ]
            ],
            "actions_pred": [
                [
                    [
                        -0.21288681030273438,
                        -0.23606014251708984,
                        -0.3138052821159363,
                        -0.4174148440361023,
                        -0.4522819221019745,
                        -0.3446367681026459,
                        -0.23097819089889526,
                        -0.4916987121105194,
                        -0.5043023824691772,
                        -0.6104597449302673,
                        -0.6441929340362549,
                        -0.44914165139198303,
                        -0.45185980200767517,
                        -0.5027542114257812,
                        -0.4106315076351166,
                        -0.39671438932418823,
                        -0.3402636647224426,
                        -0.3169592618942261,
                        -0.18788963556289673,
                        -0.34872233867645264
                    ],
                    [
                        -0.10808568447828293,
                        -0.049853287637233734,
                        -0.010822765529155731,
                        -0.0025538280606269836,
                        0.1387869417667389,
                        0.04623551666736603,
                        0.07771944999694824,
                        0.15988731384277344,
                        0.23693490028381348,
                        0.180450901389122,
                        0.17170745134353638,
                        0.05032661557197571,
                        0.014812983572483063,
                        -0.05060301721096039,
                        -0.005070574581623077,
                        -0.048117995262145996,
                        0.020755533128976822,
                        0.012248940765857697,
                        0.007385633885860443,
                        0.09181779623031616
                    ],
                    [
                        0.5699752569198608,
                        0.5862427949905396,
                        0.6492418050765991,
                        0.6192975044250488,
                        0.530528724193573,
                        0.6044137477874756,
                        0.5327994227409363,
                        0.8106353878974915,
                        0.9013072848320007,
                        0.9254803657531738,
                        0.9829568862915039,
                        0.818408727645874,
                        0.8667093515396118,
                        0.8839089870452881,
                        0.8348029255867004,
                        0.6435579061508179,
                        0.6168986558914185,
                        0.6040595173835754,
                        0.6934542059898376,
                        0.677069365978241
                    ],
                    [
                        0.7280937433242798,
                        0.6576848030090332,
                        0.5353278517723083,
                        0.5601369738578796,
                        0.5098788738250732,
                        0.5562769174575806,
                        0.6426347494125366,
                        0.5378720760345459,
                        0.5454282164573669,
                        0.5091438293457031,
                        0.42641252279281616,
                        0.5649132132530212,
                        0.4874139130115509,
                        0.48566412925720215,
                        0.549415647983551,
                        0.6638481616973877,
                        0.6791021823883057,
                        0.632735013961792,
                        0.5772606730461121,
                        0.6261507868766785
                    ]
                ]
            ],
            "states": [
                [
                    [
                        5847024.0,
                        7.17427474228316e-06,
                        0.0002797465131152421,
                        862261.25
                    ],
                    [
                        5130264.0,
                        7.109771104296669e-06,
                        0.00027696648612618446,
                        791462.9375
                    ],
                    [
                        5460408.0,
                        7.0486535150848795e-06,
                        0.0002747685939539224,
                        848104.9375
                    ],
                    [
                        5159224.0,
                        6.988396307860967e-06,
                        0.000255326071055606,
                        826896.4375
                    ],
                    [
                        5280856.0,
                        6.9301599978643935e-06,
                        0.0002729953557718545,
                        850071.375
                    ],
                    [
                        5415520.0,
                        6.871501227578847e-06,
                        0.00026464968686923385,
                        894284.875
                    ],
                    [
                        5138952.0,
                        6.81457140672137e-06,
                        0.000260901142610237,
                        824406.5
                    ],
                    [
                        5364840.0,
                        6.758851213817252e-06,
                        0.00026091569452546537,
                        837380.25
                    ],
                    [
                        8605643.0,
                        0.0036125751212239265,
                        0.0002766261750366539,
                        462352.0625
                    ],
                    [
                        10015816.0,
                        0.00033437556703574955,
                        0.00026207882910966873,
                        482968.0625
                    ],
                    [
                        7806168.0,
                        0.00019468956452328712,
                        0.00027697221958078444,
                        473153.5
                    ],
                    [
                        6004856.0,
                        0.00014804340025875717,
                        0.00037561735371127725,
                        563905.9375
                    ],
                    [
                        3835752.0,
                        0.00012653775047510862,
                        0.000348972505889833,
                        546822.625
                    ],
                    [
                        693592.0,
                        0.00011859468213515356,
                        0.000344088242854923,
                        536207.0
                    ],
                    [
                        1136680.0,
                        0.00011570940841920674,
                        0.00030916635296307504,
                        532932.75
                    ],
                    [
                        755856.0,
                        0.0001128598305513151,
                        0.00029186115716584027,
                        668301.125
                    ],
                    [
                        573408.0,
                        0.00011094257206423208,
                        0.00031188191496767104,
                        741689.6875
                    ],
                    [
                        432952.0,
                        0.0001095341140171513,
                        0.0003927450452465564,
                        678985.1875
                    ],
                    [
                        1216320.0,
                        0.00010730996291385964,
                        0.00034627493005245924,
                        618105.1875
                    ],
                    [
                        4131144.0,
                        0.00010072957229567692,
                        0.00028098482289351523,
                        571491.4375
                    ]
                ]
            ],
            "actions": [
                [
                    [
                        0.75
                    ],
                    [
                        0.75
                    ],
                    [
                        0.75
                    ],
                    [
                        0.75
                    ],
                    [
                        0.75
                    ],
                    [
                        0.75
                    ],
                    [
                        0.75
                    ],
                    [
                        0.75
                    ],
                    [
                        0.5
                    ],
                    [
                        0.5
                    ],
                    [
                        0.5
                    ],
                    [
                        0.5
                    ],
                    [
                        0.5
                    ],
                    [
                        0.5
                    ],
                    [
                        0.5
                    ],
                    [
                        0.5
                    ],
                    [
                        0.5
                    ],
                    [
                        0.5
                    ],
                    [
                        0.5
                    ],
                    [
                        0.5
                    ]
                ]
            ],
            "returns": [
                [
                    [
                        0.48685410618782043
                    ],
                    [
                        0.4859126806259155
                    ],
                    [
                        0.48498284816741943
                    ],
                    [
                        0.4840475022792816
                    ],
                    [
                        0.48311716318130493
                    ],
                    [
                        0.4821847677230835
                    ],
                    [
                        0.481250137090683
                    ],
                    [
                        0.48032015562057495
                    ],
                    [
                        0.4793863594532013
                    ],
                    [
                        0.47841066122055054
                    ],
                    [
                        0.47742152214050293
                    ],
                    [
                        0.4764544665813446
                    ],
                    [
                        0.47551068663597107
                    ],
                    [
                        0.47460663318634033
                    ],
                    [
                        0.4738542139530182
                    ],
                    [
                        0.47305798530578613
                    ],
                    [
                        0.4722979664802551
                    ],
                    [
                        0.47156238555908203
                    ],
                    [
                        0.47085174918174744
                    ],
                    [
                        0.47004953026771545
                    ]
                ]
            ],
            "timesteps": [
                [
                    100,
                    101,
                    102,
                    103,
                    104,
                    105,
                    106,
                    107,
                    108,
                    109,
                    110,
                    111,
                    112,
                    113,
                    114,
                    115,
                    116,
                    117,
                    118,
                    119
                ]
            ],
            "labels": [
                [
                    2,
                    2,
                    2,
                    2,
                    2,
                    2,
                    2,
                    2,
                    1,
                    1,
                    1,
                    1,
                    1,
                    1,
                    1,
                    1,
                    1,
                    1,
                    1,
                    1
                ]
            ],
            "CPU Usage": 48.5,
            "RAM Usage": 57.8,
            "GPU Usage": 0.0,
            "VRAM Usage": 433.0,
            "Disk Read Speed (MB/s)": 190394.0380859375,
            "Disk Write Speed (MB/s)": 269669.3134765625
        },
        {
            "step": 2,
            "train_loss": 0.05490976572036743,
            "actions_pred1": [
                [
                    [
                        -0.645021378993988,
                        -0.8981735706329346,
                        -0.15509837865829468,
                        0.16099072992801666
                    ],
                    [
                        -0.7056523561477661,
                        -0.482159286737442,
                        -0.12468144297599792,
                        0.4803093671798706
                    ],
                    [
                        -0.6716729998588562,
                        -0.38652947545051575,
                        -0.017009437084197998,
                        0.4775792956352234
                    ],
                    [
                        -0.6534621715545654,
                        -0.274219274520874,
                        0.1312563568353653,
                        0.40415942668914795
                    ],
                    [
                        -0.6893606185913086,
                        -0.4108564853668213,
                        0.14744503796100616,
                        0.354674369096756
                    ],
                    [
                        -0.6989464163780212,
                        -0.3269674479961395,
                        0.34014907479286194,
                        0.2686735689640045
                    ],
                    [
                        -0.6853181719779968,
                        -0.43216627836227417,
                        0.31836336851119995,
                        0.37839967012405396
                    ],
                    [
                        -0.675597608089447,
                        -0.44840341806411743,
                        0.25136834383010864,
                        0.5111392736434937
                    ],
                    [
                        -0.7770984768867493,
                        -0.501495361328125,
                        0.25230246782302856,
                        0.37629634141921997
                    ],
                    [
                        -0.8555973172187805,
                        -0.4870995283126831,
                        0.20806238055229187,
                        0.37576156854629517
                    ],
                    [
                        -0.7525746822357178,
                        -0.2554311454296112,
                        0.38429030776023865,
                        0.3887670636177063
                    ],
                    [
                        -0.8361601829528809,
                        -0.30239343643188477,
                        0.3719078302383423,
                        0.552524209022522
                    ],
                    [
                        -0.8295621275901794,
                        -0.32664376497268677,
                        0.4191267490386963,
                        0.5116464495658875
                    ],
                    [
                        -0.8205316662788391,
                        -0.27065280079841614,
                        0.4899463355541229,
                        0.5071710348129272
                    ],
                    [
                        -0.8364461660385132,
                        -0.2927534580230713,
                        0.43950968980789185,
                        0.4119267761707306
                    ],
                    [
                        -0.8719308972358704,
                        -0.2999091148376465,
                        0.35610130429267883,
                        0.48476916551589966
                    ],
                    [
                        -0.794151782989502,
                        -0.33086439967155457,
                        0.3874202072620392,
                        0.3606337308883667
                    ],
                    [
                        -0.8494613766670227,
                        -0.34382253885269165,
                        0.3519647717475891,
                        0.35129445791244507
                    ],
                    [
                        -0.7470815181732178,
                        -0.11371233314275742,
                        0.2868680953979492,
                        0.5033403038978577
                    ],
                    [
                        -0.7125241756439209,
                        -0.2743317484855652,
                        0.40067818760871887,
                        0.44928696751594543
                    ]
                ]
            ],
            "actions_pred": [
                [
                    [
                        -0.645021378993988,
                        -0.7056523561477661,
                        -0.6716729998588562,
                        -0.6534621715545654,
                        -0.6893606185913086,
                        -0.6989464163780212,
