{
    "steps": [
        {
            "step": 0,
            "train_loss": 0.02971804141998291,
            "actions_pred1": [
                [
                    [
                        0.23407739400863647,
                        -0.2075684368610382,
                        0.506354570388794,
                        0.3681609034538269
                    ],
                    [
                        -0.04453118145465851,
                        -0.12043553590774536,
                        0.4866538941860199,
                        0.5001696944236755
                    ],
                    [
                        -0.23170718550682068,
                        0.16449734568595886,
                        0.6145669221878052,
                        0.42431581020355225
                    ],
                    [
                        -0.24835723638534546,
                        0.07356471568346024,
                        0.6888428926467896,
                        0.485752671957016
                    ],
                    [
                        -0.26524674892425537,
                        -0.00032147765159606934,
                        0.6201714873313904,
                        0.37389594316482544
                    ],
                    [
                        -0.2069299817085266,
                        0.026370659470558167,
                        0.6636229753494263,
                        0.28846848011016846
                    ],
                    [
                        -0.283736914396286,
                        -0.0401422381401062,
                        0.7427926063537598,
                        0.2844901382923126
                    ],
                    [
                        -0.4623432159423828,
                        -0.15792599320411682,
                        0.699468731880188,
                        0.19295279681682587
                    ],
                    [
                        -0.3501754701137543,
                        -0.2175084948539734,
                        0.6298657059669495,
                        0.22362318634986877
                    ],
                    [
                        -0.3132364749908447,
                        -0.011904604732990265,
                        0.8255407810211182,
                        0.22688883543014526
                    ],
                    [
                        -0.33874019980430603,
                        0.06996727734804153,
                        0.9727042317390442,
                        0.29260462522506714
                    ],
                    [
                        -0.16906538605690002,
                        0.09860594570636749,
                        0.7717515826225281,
                        0.21769273281097412
                    ],
                    [
                        -0.03240014612674713,
                        0.03618083521723747,
                        0.8684102296829224,
                        0.13131295144557953
                    ],
                    [
                        -0.14773623645305634,
                        -0.05036023259162903,
                        0.5808722972869873,
                        0.10532952845096588
                    ],
                    [
                        -0.2348080426454544,
                        0.0023810341954231262,
                        0.694938063621521,
                        0.17514784634113312
                    ],
                    [
                        -0.11306145042181015,
                        -0.20415490865707397,
                        0.6883889436721802,
                        0.21401211619377136
                    ],
                    [
                        -0.12366974353790283,
                        -0.058861151337623596,
                        0.660814106464386,
                        0.34765100479125977
                    ],
                    [
                        -0.14796939492225647,
                        0.11818619072437286,
                        0.7632761001586914,
                        0.43413037061691284
                    ],
                    [
                        -0.17527243494987488,
                        0.18571120500564575,
                        0.7940755486488342,
                        0.47698432207107544
                    ],
                    [
                        -0.20034590363502502,
                        0.1591780185699463,
                        0.7795442342758179,
                        0.3996257781982422
                    ]
                ]
            ],
            "actions_pred": [
                [
                    [
                        0.23407739400863647,
                        -0.04453118145465851,
                        -0.23170718550682068,
                        -0.24835723638534546,
                        -0.26524674892425537,
                        -0.2069299817085266,
                        -0.283736914396286,
                        -0.4623432159423828,
                        -0.3501754701137543,
                        -0.3132364749908447,
                        -0.33874019980430603,
                        -0.16906538605690002,
                        -0.03240014612674713,
                        -0.14773623645305634,
                        -0.2348080426454544,
                        -0.11306145042181015,
                        -0.12366974353790283,
                        -0.14796939492225647,
                        -0.17527243494987488,
                        -0.20034590363502502
                    ],
                    [
                        -0.2075684368610382,
                        -0.12043553590774536,
                        0.16449734568595886,
                        0.07356471568346024,
                        -0.00032147765159606934,
                        0.026370659470558167,
                        -0.0401422381401062,
                        -0.15792599320411682,
                        -0.2175084948539734,
                        -0.011904604732990265,
                        0.06996727734804153,
                        0.09860594570636749,
                        0.03618083521723747,
                        -0.05036023259162903,
                        0.0023810341954231262,
                        -0.20415490865707397,
                        -0.058861151337623596,
                        0.11818619072437286,
                        0.18571120500564575,
                        0.1591780185699463
                    ],
                    [
                        0.506354570388794,
                        0.4866538941860199,
                        0.6145669221878052,
                        0.6888428926467896,
                        0.6201714873313904,
                        0.6636229753494263,
                        0.7427926063537598,
                        0.699468731880188,
                        0.6298657059669495,
                        0.8255407810211182,
                        0.9727042317390442,
                        0.7717515826225281,
                        0.8684102296829224,
                        0.5808722972869873,
                        0.694938063621521,
                        0.6883889436721802,
                        0.660814106464386,
                        0.7632761001586914,
                        0.7940755486488342,
                        0.7795442342758179
                    ],
                    [
                        0.3681609034538269,
                        0.5001696944236755,
                        0.42431581020355225,
                        0.485752671957016,
                        0.37389594316482544,
                        0.28846848011016846,
                        0.2844901382923126,
                        0.19295279681682587,
                        0.22362318634986877,
                        0.22688883543014526,
                        0.29260462522506714,
                        0.21769273281097412,
                        0.13131295144557953,
                        0.10532952845096588,
                        0.17514784634113312,
                        0.21401211619377136,
                        0.34765100479125977,
                        0.43413037061691284,
                        0.47698432207107544,
                        0.3996257781982422
                    ]
                ]
            ],
            "states": [
                [
                    [
                        5305472.0,
                        8.719099241716322e-06,
                        0.00013201982073951513,
                        847637.0625
                    ],
                    [
                        5427104.0,
                        8.626127055322286e-06,
                        0.00013791865785606205,
                        798609.0
                    ],
                    [
                        5450272.0,
                        8.533900654583704e-06,
                        0.00014453318726737052,
                        879716.5
                    ],
                    [
                        5114336.0,
                        8.446181709587108e-06,
                        0.00014699026360176504,
                        849232.5625
                    ],
                    [
                        5466200.0,
                        8.360139872820582e-06,
                        0.00016071676509454846,
                        823946.3125
                    ],
                    [
                        5315608.0,
                        8.27424355520634e-06,
                        0.00016249381587840617,
                        854104.0625
                    ],
                    [
                        5602312.0,
                        8.189044820028357e-06,
                        0.0001488575799157843,
                        832423.8125
                    ],
                    [
                        5063656.0,
                        8.107467692752834e-06,
                        0.00016087492986116558,
                        837260.4375
                    ],
                    [
                        5243208.0,
                        8.030191565921996e-06,
                        0.00016716374375391752,
                        847603.1875
                    ],
                    [
                        5813720.0,
                        7.948916390887462e-06,
                        0.00019032474665436894,
                        855439.25
                    ],
                    [
                        5408280.0,
                        7.868069587857462e-06,
                        0.00018542619363870472,
                        819410.4375
                    ],
                    [
                        5082480.0,
                        7.7939621405676e-06,
                        0.000198170033399947,
                        886572.3125
                    ],
                    [
                        5553080.0,
                        7.720262146904133e-06,
                        0.0001916241308208555,
                        834980.5
                    ],
                    [
                        5222936.0,
                        7.646989615750499e-06,
                        0.0002063407882815227,
                        810099.0
                    ],
                    [
                        5267824.0,
                        7.57698762754444e-06,
                        0.00023895764024928212,
                        771615.4375
                    ],
                    [
                        5292440.0,
                        7.507794634875609e-06,
                        0.00025051896227523685,
                        873322.6875
                    ],
                    [
                        5603760.0,
                        7.437720341840759e-06,
                        0.0002676467993296683,
                        855312.0625
                    ],
                    [
                        5289312.0,
                        7.368956630671164e-06,
                        0.0002700872428249568,
                        823382.9375
                    ],
                    [
                        5275296.0,
                        7.303467100427952e-06,
                        0.0002660537720657885,
                        780031.4375
                    ],
                    [
                        5143296.0,
                        7.240012109832605e-06,
                        0.00026454709586687386,
                        808306.8125
                    ]
                ]
            ],
            "actions": [
                [
                    [
                        0.75
                    ],
                    [
                        0.75
                    ],
                    [
                        0.75
                    ],
                    [
                        0.75
                    ],
                    [
                        0.75
                    ],
                    [
                        0.75
                    ],
                    [
                        0.75
                    ],
                    [
                        0.75
                    ],
                    [
                        0.75
                    ],
                    [
                        0.75
                    ],
                    [
                        0.75
                    ],
                    [
                        0.75
                    ],
                    [
                        0.75
                    ],
                    [
                        0.75
                    ],
                    [
                        0.75
                    ],
                    [
                        0.75
                    ],
                    [
                        0.75
                    ],
                    [
                        0.75
                    ],
                    [
                        0.75
                    ],
                    [
                        0.75
                    ]
                ]
            ],
            "returns": [
                [
                    [
                        0.5055230259895325
                    ],
                    [
                        0.5045902132987976
                    ],
                    [
                        0.5036553740501404
                    ],
                    [
                        0.5027201771736145
                    ],
                    [
                        0.5017906427383423
                    ],
                    [
                        0.5008551478385925
                    ],
                    [
                        0.4999221861362457
                    ],
                    [
                        0.49898457527160645
                    ],
                    [
                        0.49805590510368347
                    ],
                    [
                        0.4971241354942322
                    ],
                    [
                        0.49618321657180786
                    ],
                    [
                        0.4952487051486969
                    ],
                    [
                        0.49431970715522766
                    ],
                    [
                        0.49338284134864807
                    ],
                    [
                        0.49245142936706543
                    ],
                    [
                        0.4915192425251007
                    ],
                    [
                        0.49058666825294495
                    ],
                    [
                        0.4896489977836609
                    ],
                    [
                        0.4887164533138275
                    ],
                    [
                        0.48778414726257324
                    ]
                ]
            ],
            "timesteps": [
                [
                    80,
                    81,
                    82,
                    83,
                    84,
                    85,
                    86,
                    87,
                    88,
                    89,
                    90,
                    91,
                    92,
                    93,
                    94,
                    95,
                    96,
                    97,
                    98,
                    99
                ]
            ],
            "labels": [
                [
                    2,
                    2,
                    2,
                    2,
                    2,
                    2,
                    2,
                    2,
                    2,
                    2,
                    2,
                    2,
                    2,
                    2,
                    2,
                    2,
                    2,
                    2,
                    2,
                    2
                ]
            ],
            "CPU Usage": 46.2,
            "RAM Usage": 58.2,
            "GPU Usage": 0.0,
            "VRAM Usage": 378.0,
            "Disk Read Speed (MB/s)": 190607.5419921875,
            "Disk Write Speed (MB/s)": 286017.8876953125
        },
        {
            "step": 1,
            "train_loss": 0.034196771681308746,
            "actions_pred1": [
                [
                    [
                        0.1664789915084839,
                        -0.15678593516349792,
                        0.3219468295574188,
                        0.7092571258544922
                    ],
                    [
                        0.08783989399671555,
                        0.027177929878234863,
                        0.38099873065948486,
                        0.7577799558639526
                    ],
                    [
                        0.12063908576965332,
                        0.09835377335548401,
                        0.36705654859542847,
                        0.6020807027816772
                    ],
                    [
                        0.0839022621512413,
                        0.038326263427734375,
                        0.25848016142845154,
                        0.5667851567268372
                    ],
                    [
                        -0.15157541632652283,
                        0.2589513957500458,
                        0.4761291444301605,
                        0.4322449862957001
                    ],
                    [
                        -0.27260667085647583,
                        0.06360751390457153,
                        0.5202059745788574,
                        0.45524129271507263
                    ],
                    [
                        -0.13008028268814087,
                        0.10269857197999954,
                        0.5662534236907959,
                        0.5725817084312439
                    ],
                    [
                        0.05593724548816681,
                        -0.20463436841964722,
                        0.6339187622070312,
                        0.49432700872421265
                    ],
                    [
                        -0.14267128705978394,
                        -0.07993277162313461,
                        0.789445698261261,
                        0.4775947630405426
                    ],
                    [
                        -0.21783901751041412,
                        -0.011510029435157776,
                        0.7295643091201782,
                        0.497780442237854
                    ],
                    [
                        -0.10210868716239929,
                        -0.08813799917697906,
                        0.6269619464874268,
                        0.4643191993236542
                    ],
                    [
                        -0.02543932944536209,
                        -0.001368209719657898,
                        0.6851260662078857,
                        0.5366081595420837
                    ],
                    [
                        -0.08250605314970016,
                        -0.031215690076351166,
                        0.6604788899421692,
                        0.4721328616142273
                    ],
                    [
                        -0.17229342460632324,
                        -0.14768525958061218,
                        0.7194516062736511,
                        0.4294396638870239
                    ],
                    [
                        -0.22789181768894196,
                        -0.08994799852371216,
                        0.6824462413787842,
                        0.5147313475608826
                    ],
                    [
                        -0.27628347277641296,
                        -0.07084402441978455,
                        0.6200592517852783,
                        0.6470430493354797
                    ],
                    [
                        -0.18829315900802612,
                        -0.05874772369861603,
                        0.694338321685791,
                        0.6701913475990295
                    ],
                    [
                        -0.13780134916305542,
                        -0.03745858371257782,
                        0.7625618577003479,
                        0.691609263420105
                    ],
                    [
                        -0.07456213235855103,
                        0.027490362524986267,
                        0.9705973863601685,
                        0.5539904832839966
                    ],
                    [
                        -0.09760213643312454,
                        -0.03177686780691147,
                        0.840229332447052,
                        0.516481876373291
                    ]
                ]
            ],
            "actions_pred": [
                [
                    [
                        0.1664789915084839,
                        0.08783989399671555,
                        0.12063908576965332,
                        0.0839022621512413,
                        -0.15157541632652283,
                        -0.27260667085647583,
                        -0.13008028268814087,
                        0.05593724548816681,
                        -0.14267128705978394,
                        -0.21783901751041412,
                        -0.10210868716239929,
                        -0.02543932944536209,
                        -0.08250605314970016,
                        -0.17229342460632324,
                        -0.22789181768894196,
                        -0.27628347277641296,
                        -0.18829315900802612,
                        -0.13780134916305542,
                        -0.07456213235855103,
                        -0.09760213643312454
                    ],
                    [
                        -0.15678593516349792,
                        0.027177929878234863,
                        0.09835377335548401,
                        0.038326263427734375,
                        0.2589513957500458,
                        0.06360751390457153,
                        0.10269857197999954,
                        -0.20463436841964722,
                        -0.07993277162313461,
                        -0.011510029435157776,
                        -0.08813799917697906,
                        -0.001368209719657898,
                        -0.031215690076351166,
                        -0.14768525958061218,
                        -0.08994799852371216,
                        -0.07084402441978455,
                        -0.05874772369861603,
                        -0.03745858371257782,
                        0.027490362524986267,
                        -0.03177686780691147
                    ],
                    [
                        0.3219468295574188,
                        0.38099873065948486,
                        0.36705654859542847,
                        0.25848016142845154,
                        0.4761291444301605,
                        0.5202059745788574,
                        0.5662534236907959,
                        0.6339187622070312,
                        0.789445698261261,
                        0.7295643091201782,
                        0.6269619464874268,
                        0.6851260662078857,
                        0.6604788899421692,
                        0.7194516062736511,
                        0.6824462413787842,
                        0.6200592517852783,
                        0.694338321685791,
                        0.7625618577003479,
                        0.9705973863601685,
                        0.840229332447052
                    ],
                    [
                        0.7092571258544922,
                        0.7577799558639526,
                        0.6020807027816772,
                        0.5667851567268372,
                        0.4322449862957001,
                        0.45524129271507263,
                        0.5725817084312439,
                        0.49432700872421265,
                        0.4775947630405426,
                        0.497780442237854,
                        0.4643191993236542,
                        0.5366081595420837,
                        0.4721328616142273,
                        0.4294396638870239,
                        0.5147313475608826,
                        0.6470430493354797,
                        0.6701913475990295,
                        0.691609263420105,
                        0.5539904832839966,
                        0.516481876373291
                    ]
                ]
            ],
            "states": [
                [
                    [
                        5325744.0,
                        3.011092121596448e-05,
                        0.00027277067420072854,
                        851925.625
                    ],
                    [
                        5357600.0,
                        2.9456161428242922e-05,
                        0.00027305487310513854,
                        832487.0625
                    ],
                    [
                        5618240.0,
                        2.881258842535317e-05,
                        0.0002689558023121208,
                        866650.0
                    ],
                    [
                        5764488.0,
                        2.8174086764920503e-05,
                        0.0002797737834043801,
                        885137.0
                    ],
                    [
                        5370632.0,
                        2.7576063075684942e-05,
                        0.00025503398501314223,
                        827897.4375
                    ],
                    [
                        5432896.0,
                        2.7019848857889883e-05,
                        0.00027816780493594706,
                        880666.4375
                    ],
                    [
                        5364840.0,
                        2.6485795387998223e-05,
                        0.00026209698989987373,
                        834819.0
                    ],
                    [
                        5233072.0,
                        2.598174069134984e-05,
                        0.0002851165772881359,
                        880287.1875
                    ],
                    [
                        5114336.0,
                        2.5507837563054636e-05,
                        0.000267517170868814,
                        884475.5
                    ],
                    [
                        5458960.0,
                        2.504124859115109e-05,
                        0.00027258697082288563,
                        833080.1875
                    ],
                    [
                        5170808.0,
                        2.4588902306277305e-05,
                        0.00027191461413167417,
                        830618.8125
                    ],
                    [
                        5131712.0,
                        2.416586175968405e-05,
                        0.00027577357832342386,
                        795031.0
                    ],
                    [
                        5137504.0,
                        2.3758442694088444e-05,
                        0.00027702987426891923,
                        830415.5625
                    ],
                    [
                        5460408.0,
                        2.3352160496870056e-05,
                        0.0002779100905172527,
                        812805.0
                    ],
                    [
                        5332984.0,
                        2.2952330255066045e-05,
                        0.00026160795823670924,
                        784998.0
                    ],
                    [
                        5464752.0,
                        2.256591324112378e-05,
                        0.0002753763983491808,
                        843504.25
                    ],
                    [
                        5461856.0,
                        2.2187881768331863e-05,
                        0.0002731475979089737,
                        901654.0625
                    ],
                    [
                        5571904.0,
                        2.181875788664911e-05,
                        0.0002628508664201945,
                        880942.125
                    ],
                    [
                        5370632.0,
                        2.146460974472575e-05,
                        0.00026417680783197284,
                        856475.0625
                    ],
                    [
                        5508192.0,
                        2.1123838450876065e-05,
                        0.0002805523981805891,
                        865747.5
                    ]
                ]
            ],
            "actions": [
                [
                    [
                        0.75
                    ],
                    [
                        0.75
                    ],
                    [
                        0.75
                    ],
                    [
                        0.75
                    ],
                    [
                        0.75
                    ],
                    [
                        0.75
                    ],
                    [
                        0.75
                    ],
                    [
                        0.75
                    ],
                    [
                        0.75
                    ],
                    [
                        0.75
                    ],
                    [
                        0.75
                    ],
                    [
                        0.75
                    ],
                    [
                        0.75
                    ],
                    [
                        0.75
                    ],
                    [
                        0.75
                    ],
                    [
                        0.75
                    ],
                    [
                        0.75
                    ],
                    [
                        0.75
                    ],
                    [
                        0.75
                    ],
                    [
                        0.75
                    ]
                ]
            ],
            "returns": [
                [
                    [
                        0.34190085530281067
                    ],
                    [
                        0.34096771478652954
                    ],
                    [
                        0.34003403782844543
                    ],
                    [
                        0.3390961289405823
                    ],
                    [
                        0.33815598487854004
                    ],
                    [
                        0.33722206950187683
                    ],
                    [
                        0.33628717064857483
                    ],
                    [
                        0.33535337448120117
                    ],
                    [
                        0.3344217836856842
                    ],
                    [
                        0.3334922194480896
                    ],
                    [
                        0.33255690336227417
                    ],
                    [
                        0.33162635564804077
                    ],
                    [
                        0.3306964933872223
                    ],
                    [
                        0.32976654171943665
                    ],
                    [
                        0.32883119583129883
                    ],
                    [
                        0.32789793610572815
                    ],
                    [
                        0.32696250081062317
                    ],
                    [
                        0.3260270953178406
                    ],
                    [
                        0.3250899612903595
                    ],
                    [
                        0.3241560757160187
                    ]
                ]
            ],
            "timesteps": [
                [
                    260,
                    261,
                    262,
                    263,
                    264,
                    265,
                    266,
                    267,
                    268,
                    269,
                    270,
                    271,
                    272,
                    273,
                    274,
                    275,
                    276,
                    277,
                    278,
                    279
                ]
            ],
            "labels": [
                [
                    2,
                    2,
                    2,
                    2,
                    2,
                    2,
                    2,
                    2,
                    2,
                    2,
                    2,
                    2,
                    2,
                    2,
                    2,
                    2,
                    2,
                    2,
                    2,
                    2
                ]
            ],
            "CPU Usage": 48.2,
            "RAM Usage": 59.6,
            "GPU Usage": 0.0,
            "VRAM Usage": 376.0,
            "Disk Read Speed (MB/s)": 190607.5419921875,
            "Disk Write Speed (MB/s)": 286019.1923828125
        },
        {
            "step": 2,
            "train_loss": 0.02908826805651188,
            "actions_pred1": [
                [
                    [
                        -0.11988155543804169,
                        -0.07144587486982346,
                        0.8960331678390503,
                        0.5393020510673523
                    ],
                    [
                        -0.17091509699821472,
                        -0.09106098115444183,
                        0.8518303036689758,
                        0.5221773386001587
                    ],
                    [
                        -0.14071758091449738,
                        -0.09709665924310684,
                        0.727063000202179,
                        0.5026152729988098
                    ],
                    [
                        -0.1590968519449234,
                        -0.23416289687156677,
                        0.6209043264389038,
                        0.3176540732383728
                    ],
                    [
                        -0.023881591856479645,
                        -0.239851176738739,
                        0.6643421053886414,
                        0.2496822029352188
                    ],
                    [
                        -0.06669846922159195,
                        -0.26162904500961304,
                        0.6146342158317566,
                        0.3171690106391907
                    ],
                    [
                        -0.09448522329330444,
                        -0.05748996138572693,
                        0.48664912581443787,
                        0.45483720302581787
                    ],
                    [
                        -0.06648038327693939,
                        -0.06914785504341125,
                        0.6368834376335144,
                        0.4635534882545471
                    ],
                    [
                        -0.01878630369901657,
                        -0.027159899473190308,
                        0.640769898891449,
                        0.36881887912750244
                    ],
                    [
                        -0.10839441418647766,
                        -0.04534954950213432,
                        0.6523142457008362,
                        0.2900647521018982
                    ],
                    [
                        -0.11840923130512238,
                        -0.06788855791091919,
                        0.7030596733093262,
                        0.31960928440093994
                    ],
                    [
                        -0.17311061918735504,
                        -0.05248209089040756,
                        0.6510895490646362,
                        0.3057626485824585
                    ],
                    [
                        -0.08940859884023666,
                        -0.09681859612464905,
                        0.8454514145851135,
                        0.21157673001289368
                    ],
                    [
                        -0.11702337116003036,
                        -0.06549913436174393,
                        0.8152433037757874,
                        0.25045737624168396
                    ],
                    [
                        -0.1627691388130188,
                        -0.04591916501522064,
                        0.7149954438209534,
                        0.2620713710784912
                    ],
                    [
                        -0.2567320168018341,
                        -0.03411611169576645,
                        0.8140958547592163,
                        0.18832919001579285
                    ],
                    [
                        -0.35239994525909424,
                        -0.001414228230714798,
                        0.8465619683265686,
                        0.17603611946105957
                    ],
                    [
                        -0.17669475078582764,
                        0.040667563676834106,
                        0.7737864255905151,
                        0.2397633194923401
                    ],
                    [
                        -0.2435402274131775,
                        -0.019784778356552124,
                        0.7921594381332397,
                        0.2705533802509308
                    ],
                    [
                        -0.2781386375427246,
                        -0.04845164716243744,
                        0.8790474534034729,
                        0.28081220388412476
                    ]
                ]
            ],
            "actions_pred": [
                [
                    [
                        -0.11988155543804169,
                        -0.17091509699821472,
                        -0.14071758091449738,
                        -0.1590968519449234,
                        -0.023881591856479645,
