{
    "steps": [
        {
            "step": 0,
            "train_loss": 0.052209269255399704,
            "actions_pred1": [
                [
                    [
                        0.08378065377473831,
                        -0.0761880874633789,
                        0.7148982286453247,
                        0.2357719987630844
                    ],
                    [
                        0.0506305918097496,
                        0.05253925174474716,
                        0.7773199081420898,
                        0.3686674237251282
                    ],
                    [
                        0.11701875180006027,
                        0.03705712407827377,
                        0.8561801910400391,
                        0.23273462057113647
                    ],
                    [
                        0.10817012935876846,
                        -0.031172171235084534,
                        0.8987495303153992,
                        0.1623094081878662
                    ],
                    [
                        0.07481415569782257,
                        0.019136950373649597,
                        0.9811917543411255,
                        0.14661702513694763
                    ],
                    [
                        -0.07213293015956879,
                        0.006179347634315491,
                        0.775331437587738,
                        -0.009970337152481079
                    ],
                    [
                        0.044318780303001404,
                        -0.031779348850250244,
                        0.8094145655632019,
                        0.012180715799331665
                    ],
                    [
                        0.03387211263179779,
                        -0.052668482065200806,
                        0.775395929813385,
                        0.07068982720375061
                    ],
                    [
                        0.08242221176624298,
                        -0.024052724242210388,
                        0.6671015024185181,
                        0.03646409511566162
                    ],
                    [
                        0.0013234913349151611,
                        -0.06772613525390625,
                        0.7324627041816711,
                        0.05340501666069031
                    ],
                    [
                        0.07317915558815002,
                        0.031145259737968445,
                        0.7402085065841675,
                        0.022653907537460327
                    ],
                    [
                        0.09873924404382706,
                        0.029693588614463806,
                        0.7217493653297424,
                        -0.011924505233764648
                    ],
                    [
                        0.044209323823451996,
                        0.004654102027416229,
                        0.6906924247741699,
                        0.00489354133605957
                    ],
                    [
                        0.026325389742851257,
                        0.054381608963012695,
                        0.7519177794456482,
                        0.001773923635482788
                    ],
                    [
                        0.13402292132377625,
                        -0.025733105838298798,
                        0.8650992512702942,
                        0.062302201986312866
                    ],
                    [
                        0.04296393692493439,
                        0.034747324883937836,
                        0.796036958694458,
                        0.0448494553565979
                    ],
                    [
                        -0.05307619273662567,
                        0.09645382314920425,
                        0.8246960043907166,
                        0.020832449197769165
                    ],
                    [
                        0.022822745144367218,
                        0.054369986057281494,
                        0.9165761470794678,
                        0.0741046667098999
                    ],
                    [
                        0.07353848963975906,
                        0.057353079319000244,
                        0.892654538154602,
                        0.02845671772956848
                    ],
                    [
                        -0.04032937437295914,
                        0.07227201759815216,
                        0.8806000351905823,
                        -0.08230674266815186
                    ]
                ]
            ],
            "actions_pred": [
                [
                    [
                        0.08378065377473831,
                        0.0506305918097496,
                        0.11701875180006027,
                        0.10817012935876846,
                        0.07481415569782257,
                        -0.07213293015956879,
                        0.044318780303001404,
                        0.03387211263179779,
                        0.08242221176624298,
                        0.0013234913349151611,
                        0.07317915558815002,
                        0.09873924404382706,
                        0.044209323823451996,
                        0.026325389742851257,
                        0.13402292132377625,
                        0.04296393692493439,
                        -0.05307619273662567,
                        0.022822745144367218,
                        0.07353848963975906,
                        -0.04032937437295914
                    ],
                    [
                        -0.0761880874633789,
                        0.05253925174474716,
                        0.03705712407827377,
                        -0.031172171235084534,
                        0.019136950373649597,
                        0.006179347634315491,
                        -0.031779348850250244,
                        -0.052668482065200806,
                        -0.024052724242210388,
                        -0.06772613525390625,
                        0.031145259737968445,
                        0.029693588614463806,
                        0.004654102027416229,
                        0.054381608963012695,
                        -0.025733105838298798,
                        0.034747324883937836,
                        0.09645382314920425,
                        0.054369986057281494,
                        0.057353079319000244,
                        0.07227201759815216
                    ],
                    [
                        0.7148982286453247,
                        0.7773199081420898,
                        0.8561801910400391,
                        0.8987495303153992,
                        0.9811917543411255,
                        0.775331437587738,
                        0.8094145655632019,
                        0.775395929813385,
                        0.6671015024185181,
                        0.7324627041816711,
                        0.7402085065841675,
                        0.7217493653297424,
                        0.6906924247741699,
                        0.7519177794456482,
                        0.8650992512702942,
                        0.796036958694458,
                        0.8246960043907166,
                        0.9165761470794678,
                        0.892654538154602,
                        0.8806000351905823
                    ],
                    [
                        0.2357719987630844,
                        0.3686674237251282,
                        0.23273462057113647,
                        0.1623094081878662,
                        0.14661702513694763,
                        -0.009970337152481079,
                        0.012180715799331665,
                        0.07068982720375061,
                        0.03646409511566162,
                        0.05340501666069031,
                        0.022653907537460327,
                        -0.011924505233764648,
                        0.00489354133605957,
                        0.001773923635482788,
                        0.062302201986312866,
                        0.0448494553565979,
                        0.020832449197769165,
                        0.0741046667098999,
                        0.02845671772956848,
                        -0.08230674266815186
                    ]
                ]
            ],
            "states": [
                [
                    [
                        3453480.0,
                        1.1675143468892202e-05,
                        0.00029440681100822985,
                        672821.0625
                    ],
                    [
                        4107976.0,
                        1.1557735888345633e-05,
                        0.00028164629475213587,
                        683579.125
                    ],
                    [
                        4089152.0,
                        1.1433058716647793e-05,
                        0.00027785348356701434,
                        696568.625
                    ],
                    [
                        3556288.0,
                        1.131914814322954e-05,
                        0.00038381022750400007,
                        634586.1875
                    ],
                    [
                        2583232.0,
                        1.1229288247704972e-05,
                        0.0002961547579616308,
                        661987.4375
                    ],
                    [
                        1912808.0,
                        1.1164392162754666e-05,
                        0.00029962105327285826,
                        693806.25
                    ],
                    [
                        2088016.0,
                        1.1107291356893256e-05,
                        0.00029777659801766276,
                        580816.75
                    ],
                    [
                        2896000.0,
                        1.103698832594091e-05,
                        0.0002728095860220492,
                        525629.9375
                    ],
                    [
                        2564408.0,
                        1.0960944564430974e-05,
                        0.0002930021146312356,
                        619511.5625
                    ],
                    [
                        3921184.0,
                        1.087203600036446e-05,
                        0.0005929499748162925,
                        538834.625
                    ],
                    [
                        2794640.0,
                        1.0781384844449349e-05,
                        0.00017766767996363342,
                        677916.4375
                    ],
                    [
                        4726272.0,
                        1.0681769708753563e-05,
                        0.00018339134112466127,
                        599563.375
                    ],
                    [
                        4927544.0,
                        1.0556481356616132e-05,
                        0.00019205290300305933,
                        583179.3125
                    ],
                    [
                        5944040.0,
                        1.0418904821563046e-05,
                        0.0002024973655352369,
                        603427.0
                    ],
                    [
                        5063656.0,
                        1.0283110896125436e-05,
                        0.0002613598189782351,
                        607061.125
                    ],
                    [
                        5221488.0,
                        1.015944144455716e-05,
                        0.00023075626813806593,
                        620602.0625
                    ],
                    [
                        3421624.0,
                        1.0057716281153262e-05,
                        0.00032322804327122867,
                        608652.25
                    ],
                    [
                        3476648.0,
                        9.978034540836234e-06,
                        0.0002578554267529398,
                        617310.8125
                    ],
                    [
                        3407144.0,
                        9.899765245791059e-06,
                        0.00022438736050389707,
                        706043.875
                    ],
                    [
                        3938560.0,
                        9.817606041906402e-06,
                        0.00038321700412780046,
                        631372.625
                    ]
                ]
            ],
            "actions": [
                [
                    [
                        0.5
                    ],
                    [
                        0.5
                    ],
                    [
                        0.5
                    ],
                    [
                        0.5
                    ],
                    [
                        0.5
                    ],
                    [
                        0.5
                    ],
                    [
                        0.5
                    ],
                    [
                        0.5
                    ],
                    [
                        0.5
                    ],
                    [
                        0.5
                    ],
                    [
                        0.5
                    ],
                    [
                        0.5
                    ],
                    [
                        0.5
                    ],
                    [
                        0.5
                    ],
                    [
                        0.5
                    ],
                    [
                        0.5
                    ],
                    [
                        0.5
                    ],
                    [
                        0.5
                    ],
                    [
                        0.5
                    ],
                    [
                        0.5
                    ]
                ]
            ],
            "returns": [
                [
                    [
                        0.41369158029556274
                    ],
                    [
                        0.41279682517051697
                    ],
                    [
                        0.41188669204711914
                    ],
                    [
                        0.41097697615623474
                    ],
                    [
                        0.41007962822914124
                    ],
                    [
                        0.4092106521129608
                    ],
                    [
                        0.4083682894706726
                    ],
                    [
                        0.4075181484222412
                    ],
                    [
                        0.4066390097141266
                    ],
                    [
                        0.4057706594467163
                    ],
                    [
                        0.40486466884613037
                    ],
                    [
                        0.40398868918418884
                    ],
                    [
                        0.40306612849235535
                    ],
                    [
                        0.4021398723125458
                    ],
                    [
                        0.40119698643684387
                    ],
                    [
                        0.4002683162689209
                    ],
                    [
                        0.39933690428733826
                    ],
                    [
                        0.39844298362731934
                    ],
                    [
                        0.3975476622581482
                    ],
                    [
                        0.3966540992259979
                    ]
                ]
            ],
            "timesteps": [
                [
                    180,
                    181,
                    182,
                    183,
                    184,
                    185,
                    186,
                    187,
                    188,
                    189,
                    190,
                    191,
                    192,
                    193,
                    194,
                    195,
                    196,
                    197,
                    198,
                    199
                ]
            ],
            "labels": [
                [
                    1,
                    1,
                    1,
                    1,
                    1,
                    1,
                    1,
                    1,
                    1,
                    1,
                    1,
                    1,
                    1,
                    1,
                    1,
                    1,
                    1,
                    1,
                    1,
                    1
                ]
            ],
            "CPU Usage": 45.7,
            "RAM Usage": 62.3,
            "GPU Usage": 0.0,
            "VRAM Usage": 452.0,
            "Disk Read Speed (MB/s)": 191411.296875,
            "Disk Write Speed (MB/s)": 302287.7666015625
        },
        {
            "step": 1,
            "train_loss": 0.028146564960479736,
            "actions_pred1": [
                [
                    [
                        0.4416937232017517,
                        -0.1372692584991455,
                        0.5704421997070312,
                        0.028733789920806885
                    ],
                    [
                        0.16624590754508972,
                        -0.051374003291130066,
                        0.5463160276412964,
                        0.1647288203239441
                    ],
                    [
                        -0.019515525549650192,
                        0.23615960776805878,
                        0.6669153571128845,
                        0.08942055702209473
                    ],
                    [
                        -0.02601443976163864,
                        0.1470460146665573,
                        0.7417787313461304,
                        0.14936363697052002
                    ],
                    [
                        -0.04054662585258484,
                        0.08145737648010254,
                        0.6796956062316895,
                        0.03552623093128204
                    ],
                    [
                        0.020412199199199677,
                        0.10789556801319122,
                        0.7264983654022217,
                        -0.04516734182834625
                    ],
                    [
                        -0.060366615653038025,
                        0.04033936187624931,
                        0.80021733045578,
                        -0.04215596616268158
                    ],
                    [
                        -0.23794150352478027,
                        -0.07541565597057343,
                        0.7596350908279419,
                        -0.14294759929180145
                    ],
                    [
                        -0.11803588271141052,
                        -0.13817407190799713,
                        0.6918492317199707,
                        -0.1129542738199234
                    ],
                    [
                        -0.08343105018138885,
                        0.06090947240591049,
                        0.8790309429168701,
                        -0.09773266315460205
                    ],
                    [
                        -0.10622773319482803,
                        0.143029123544693,
                        1.0164796113967896,
                        -0.02525593340396881
                    ],
                    [
                        0.07376059144735336,
                        0.17060983180999756,
                        0.8207929134368896,
                        -0.1149558424949646
                    ],
                    [
                        0.21496489644050598,
                        0.10487575083971024,
                        0.9152038097381592,
                        -0.19945591688156128
                    ],
                    [
                        0.09727650880813599,
                        0.02541792392730713,
                        0.6323681473731995,
                        -0.23031312227249146
                    ],
                    [
                        0.005897685885429382,
                        0.08189055323600769,
                        0.7452120780944824,
                        -0.16048501431941986
                    ],
                    [
                        0.11959468573331833,
                        -0.1298375129699707,
                        0.7357029318809509,
                        -0.13492266833782196
                    ],
                    [
                        0.11704294383525848,
                        0.014746218919754028,
                        0.7063027620315552,
                        0.005369111895561218
                    ],
                    [
                        0.09335961192846298,
                        0.19134235382080078,
                        0.8060890436172485,
                        0.09150588512420654
                    ],
                    [
                        0.0663825199007988,
                        0.2598594129085541,
                        0.8399914503097534,
                        0.13255009055137634
                    ],
                    [
                        0.033889539539813995,
                        0.2334054708480835,
                        0.8241807222366333,
                        0.055531054735183716
                    ]
                ]
            ],
            "actions_pred": [
                [
                    [
                        0.4416937232017517,
                        0.16624590754508972,
                        -0.019515525549650192,
                        -0.02601443976163864,
                        -0.04054662585258484,
                        0.020412199199199677,
                        -0.060366615653038025,
                        -0.23794150352478027,
                        -0.11803588271141052,
                        -0.08343105018138885,
                        -0.10622773319482803,
                        0.07376059144735336,
                        0.21496489644050598,
                        0.09727650880813599,
                        0.005897685885429382,
                        0.11959468573331833,
                        0.11704294383525848,
                        0.09335961192846298,
                        0.0663825199007988,
                        0.033889539539813995
                    ],
                    [
                        -0.1372692584991455,
                        -0.051374003291130066,
                        0.23615960776805878,
                        0.1470460146665573,
                        0.08145737648010254,
                        0.10789556801319122,
                        0.04033936187624931,
                        -0.07541565597057343,
                        -0.13817407190799713,
                        0.06090947240591049,
                        0.143029123544693,
                        0.17060983180999756,
                        0.10487575083971024,
                        0.02541792392730713,
                        0.08189055323600769,
                        -0.1298375129699707,
                        0.014746218919754028,
                        0.19134235382080078,
                        0.2598594129085541,
                        0.2334054708480835
                    ],
                    [
                        0.5704421997070312,
                        0.5463160276412964,
                        0.6669153571128845,
                        0.7417787313461304,
                        0.6796956062316895,
                        0.7264983654022217,
                        0.80021733045578,
                        0.7596350908279419,
                        0.6918492317199707,
                        0.8790309429168701,
                        1.0164796113967896,
                        0.8207929134368896,
                        0.9152038097381592,
                        0.6323681473731995,
                        0.7452120780944824,
                        0.7357029318809509,
                        0.7063027620315552,
                        0.8060890436172485,
                        0.8399914503097534,
                        0.8241807222366333
                    ],
                    [
                        0.028733789920806885,
                        0.1647288203239441,
                        0.08942055702209473,
                        0.14936363697052002,
                        0.03552623093128204,
                        -0.04516734182834625,
                        -0.04215596616268158,
                        -0.14294759929180145,
                        -0.1129542738199234,
                        -0.09773266315460205,
                        -0.02525593340396881,
                        -0.1149558424949646,
                        -0.19945591688156128,
                        -0.23031312227249146,
                        -0.16048501431941986,
                        -0.13492266833782196,
                        0.005369111895561218,
                        0.09150588512420654,
                        0.13255009055137634,
                        0.055531054735183716
                    ]
                ]
            ],
            "states": [
                [
                    [
                        5305472.0,
                        8.719099241716322e-06,
                        0.00013201982073951513,
                        847637.0625
                    ],
                    [
                        5427104.0,
                        8.626127055322286e-06,
                        0.00013791865785606205,
                        798609.0
                    ],
                    [
                        5450272.0,
                        8.533900654583704e-06,
                        0.00014453318726737052,
                        879716.5
                    ],
                    [
                        5114336.0,
                        8.446181709587108e-06,
                        0.00014699026360176504,
                        849232.5625
                    ],
                    [
                        5466200.0,
                        8.360139872820582e-06,
                        0.00016071676509454846,
                        823946.3125
                    ],
                    [
                        5315608.0,
                        8.27424355520634e-06,
                        0.00016249381587840617,
                        854104.0625
                    ],
                    [
                        5602312.0,
                        8.189044820028357e-06,
                        0.0001488575799157843,
                        832423.8125
                    ],
                    [
                        5063656.0,
                        8.107467692752834e-06,
                        0.00016087492986116558,
                        837260.4375
                    ],
                    [
                        5243208.0,
                        8.030191565921996e-06,
                        0.00016716374375391752,
                        847603.1875
                    ],
                    [
                        5813720.0,
                        7.948916390887462e-06,
                        0.00019032474665436894,
                        855439.25
                    ],
                    [
                        5408280.0,
                        7.868069587857462e-06,
                        0.00018542619363870472,
                        819410.4375
                    ],
                    [
                        5082480.0,
                        7.7939621405676e-06,
                        0.000198170033399947,
                        886572.3125
                    ],
                    [
                        5553080.0,
                        7.720262146904133e-06,
                        0.0001916241308208555,
                        834980.5
                    ],
                    [
                        5222936.0,
                        7.646989615750499e-06,
                        0.0002063407882815227,
                        810099.0
                    ],
                    [
                        5267824.0,
                        7.57698762754444e-06,
                        0.00023895764024928212,
                        771615.4375
                    ],
                    [
                        5292440.0,
                        7.507794634875609e-06,
                        0.00025051896227523685,
                        873322.6875
                    ],
                    [
                        5603760.0,
                        7.437720341840759e-06,
                        0.0002676467993296683,
                        855312.0625
                    ],
                    [
                        5289312.0,
                        7.368956630671164e-06,
                        0.0002700872428249568,
                        823382.9375
                    ],
                    [
                        5275296.0,
                        7.303467100427952e-06,
                        0.0002660537720657885,
                        780031.4375
                    ],
                    [
                        5143296.0,
                        7.240012109832605e-06,
                        0.00026454709586687386,
                        808306.8125
                    ]
                ]
            ],
            "actions": [
                [
                    [
                        0.75
                    ],
                    [
                        0.75
                    ],
                    [
                        0.75
                    ],
                    [
                        0.75
                    ],
                    [
                        0.75
                    ],
                    [
                        0.75
                    ],
                    [
                        0.75
                    ],
                    [
                        0.75
                    ],
                    [
                        0.75
                    ],
                    [
                        0.75
                    ],
                    [
                        0.75
                    ],
                    [
                        0.75
                    ],
                    [
                        0.75
                    ],
                    [
                        0.75
                    ],
                    [
                        0.75
                    ],
                    [
                        0.75
                    ],
                    [
                        0.75
                    ],
                    [
                        0.75
                    ],
                    [
                        0.75
                    ],
                    [
                        0.75
                    ]
                ]
            ],
            "returns": [
                [
                    [
                        0.5055230259895325
                    ],
                    [
                        0.5045902132987976
                    ],
                    [
                        0.5036553740501404
                    ],
                    [
                        0.5027201771736145
                    ],
                    [
                        0.5017906427383423
                    ],
                    [
                        0.5008551478385925
                    ],
                    [
                        0.4999221861362457
                    ],
                    [
                        0.49898457527160645
                    ],
                    [
                        0.49805590510368347
                    ],
                    [
                        0.4971241354942322
                    ],
                    [
                        0.49618321657180786
                    ],
                    [
                        0.4952487051486969
                    ],
                    [
                        0.49431970715522766
                    ],
                    [
                        0.49338284134864807
                    ],
                    [
                        0.49245142936706543
                    ],
                    [
                        0.4915192425251007
                    ],
                    [
                        0.49058666825294495
                    ],
                    [
                        0.4896489977836609
                    ],
                    [
                        0.4887164533138275
                    ],
                    [
                        0.48778414726257324
                    ]
                ]
            ],
            "timesteps": [
                [
                    80,
                    81,
                    82,
                    83,
                    84,
                    85,
                    86,
                    87,
                    88,
                    89,
                    90,
                    91,
                    92,
                    93,
                    94,
                    95,
                    96,
                    97,
                    98,
                    99
                ]
            ],
            "labels": [
                [
                    2,
                    2,
                    2,
                    2,
                    2,
                    2,
                    2,
                    2,
                    2,
                    2,
                    2,
                    2,
                    2,
                    2,
                    2,
                    2,
                    2,
                    2,
                    2,
                    2
                ]
            ],
            "CPU Usage": 47.2,
            "RAM Usage": 63.2,
            "GPU Usage": 0.0,
            "VRAM Usage": 452.0,
            "Disk Read Speed (MB/s)": 191411.296875,
            "Disk Write Speed (MB/s)": 302287.9541015625
        },
        {
            "step": 2,
            "train_loss": 0.030251944437623024,
            "actions_pred1": [
                [
                    [
                        0.2788110673427582,
                        -0.013571411371231079,
                        0.5406630039215088,
                        0.038269177079200745
                    ],
                    [
                        0.013439714908599854,
                        0.29832547903060913,
                        0.7163816690444946,
                        -0.10920131206512451
                    ],
                    [
                        0.09114058315753937,
                        0.1385726034641266,
                        0.7545072436332703,
                        0.14373525977134705
                    ],
                    [
                        0.22175829112529755,
                        -0.18404251337051392,
                        0.5080089569091797,
                        -0.10762697458267212
                    ],
                    [
                        0.05020757019519806,
                        0.028502941131591797,
                        0.4474337697029114,
                        0.12358570098876953
                    ],
                    [
                        0.0037393271923065186,
                        0.18654145300388336,
                        0.6198210120201111,
                        0.052042990922927856
                    ],
                    [
                        0.029670462012290955,
                        0.16755461692810059,
                        0.6089982986450195,
                        0.06200571358203888
                    ],
                    [
                        -0.13457344472408295,
                        0.13135120272636414,
                        0.5526625514030457,
                        0.18081188201904297
                    ],
                    [
                        -0.30532172322273254,
                        0.13305824995040894,
                        0.6248730421066284,
                        0.19318877160549164
                    ],
                    [
                        -0.33142343163490295,
                        0.06493805348873138,
                        0.654714822769165,
                        0.1560322642326355
                    ],
                    [
                        -0.26390039920806885,
                        0.15112245082855225,
                        0.554423987865448,
                        0.15102460980415344
                    ],
                    [
                        -0.34804901480674744,
                        0.13509216904640198,
                        0.568730890750885,
                        0.07960151135921478
                    ],
                    [
                        -0.5153806805610657,
                        0.03582344576716423,
                        0.7687380313873291,
                        -0.035110294818878174
                    ],
                    [
                        -0.2516312003135681,
                        0.03890182822942734,
                        0.8027365207672119,
                        0.08444079756736755
                    ],
                    [
                        -0.21781855821609497,
                        -0.0003680884838104248,
                        0.6611437201499939,
                        0.04786759614944458
                    ],
                    [
                        -0.3683982193470001,
                        0.004403900355100632,
                        0.6409903168678284,
                        0.0341818630695343
                    ],
                    [
                        -0.27307814359664917,
                        0.16169536113739014,
                        0.7163679599761963,
                        0.14321550726890564
                    ],
                    [
                        -0.2628040015697479,
                        0.16031211614608765,
                        0.7353261113166809,
                        0.11741700768470764
                    ],
                    [
                        -0.256134569644928,
                        0.18638719618320465,
                        0.6229693293571472,
                        0.1911294162273407
                    ],
                    [
                        -0.169253408908844,
                        0.21402853727340698,
                        0.6602308750152588,
                        0.2009887844324112
                    ]
                ]
            ],
            "actions_pred": [
                [
                    [
                        0.2788110673427582,
                        0.013439714908599854,
                        0.09114058315753937,
                        0.22175829112529755,
                        0.05020757019519806,
