{
    "steps": [
        {
            "step": 0,
            "train_loss": 0.05287124589085579,
            "actions_pred1": [
                [
                    [
                        0.23798498511314392,
                        -0.1790330708026886,
                        0.32061126828193665,
                        0.6433157324790955
                    ],
                    [
                        0.3929138481616974,
                        -0.3211735486984253,
                        0.37452709674835205,
                        0.6688863039016724
                    ],
                    [
                        0.16051417589187622,
                        -0.13109420239925385,
                        0.33939123153686523,
                        0.5742075443267822
                    ],
                    [
                        -0.055601634085178375,
                        -0.07726889848709106,
                        0.3830394446849823,
                        0.5152550935745239
                    ],
                    [
                        -0.025816217064857483,
                        -0.05429086089134216,
                        0.4175708591938019,
                        0.4716578722000122
                    ],
                    [
                        -0.06545554101467133,
                        -0.08489885926246643,
                        0.4374105930328369,
                        0.35116302967071533
                    ],
                    [
                        -0.07028918713331223,
                        -0.05196210741996765,
                        0.45651283860206604,
                        0.41308173537254333
                    ],
                    [
                        -0.11503703892230988,
                        -0.15256038308143616,
                        0.2125154733657837,
                        0.4676218032836914
                    ],
                    [
                        -0.10371227562427521,
                        -0.15804137289524078,
                        0.23502731323242188,
                        0.4591878652572632
                    ],
                    [
                        -0.06888211518526077,
                        -0.07629872858524323,
                        0.2797097861766815,
                        0.5189712047576904
                    ],
                    [
                        0.006660550832748413,
                        -0.0528438538312912,
                        0.2886367440223694,
                        0.5906205773353577
                    ],
                    [
                        -0.04106924682855606,
                        -0.03997308015823364,
                        0.31650424003601074,
                        0.6371375322341919
                    ],
                    [
                        -0.09078378230333328,
                        -0.06711027026176453,
                        0.21100106835365295,
                        0.5808852314949036
                    ],
                    [
                        -0.27763426303863525,
                        0.005165025591850281,
                        0.3416006565093994,
                        0.658808708190918
                    ],
                    [
                        -0.28442713618278503,
                        -0.10721520334482193,
                        0.41959625482559204,
                        0.4074491262435913
                    ],
                    [
                        -0.32400333881378174,
                        -0.1003279983997345,
                        0.4662615656852722,
                        0.45018959045410156
                    ],
                    [
                        -0.28744083642959595,
                        -0.044654928147792816,
                        0.5577788949012756,
                        0.40878772735595703
                    ],
                    [
                        -0.21841035783290863,
                        0.01006142795085907,
                        0.5921896696090698,
                        0.47735393047332764
                    ],
                    [
                        -0.23189842700958252,
                        0.006038881838321686,
                        0.3561670184135437,
                        0.5610543489456177
                    ],
                    [
                        -0.33877721428871155,
                        -0.0016949698328971863,
                        0.4111403226852417,
                        0.5498207211494446
                    ]
                ]
            ],
            "actions_pred": [
                [
                    [
                        0.23798498511314392,
                        0.3929138481616974,
                        0.16051417589187622,
                        -0.055601634085178375,
                        -0.025816217064857483,
                        -0.06545554101467133,
                        -0.07028918713331223,
                        -0.11503703892230988,
                        -0.10371227562427521,
                        -0.06888211518526077,
                        0.006660550832748413,
                        -0.04106924682855606,
                        -0.09078378230333328,
                        -0.27763426303863525,
                        -0.28442713618278503,
                        -0.32400333881378174,
                        -0.28744083642959595,
                        -0.21841035783290863,
                        -0.23189842700958252,
                        -0.33877721428871155
                    ],
                    [
                        -0.1790330708026886,
                        -0.3211735486984253,
                        -0.13109420239925385,
                        -0.07726889848709106,
                        -0.05429086089134216,
                        -0.08489885926246643,
                        -0.05196210741996765,
                        -0.15256038308143616,
                        -0.15804137289524078,
                        -0.07629872858524323,
                        -0.0528438538312912,
                        -0.03997308015823364,
                        -0.06711027026176453,
                        0.005165025591850281,
                        -0.10721520334482193,
                        -0.1003279983997345,
                        -0.044654928147792816,
                        0.01006142795085907,
                        0.006038881838321686,
                        -0.0016949698328971863
                    ],
                    [
                        0.32061126828193665,
                        0.37452709674835205,
                        0.33939123153686523,
                        0.3830394446849823,
                        0.4175708591938019,
                        0.4374105930328369,
                        0.45651283860206604,
                        0.2125154733657837,
                        0.23502731323242188,
                        0.2797097861766815,
                        0.2886367440223694,
                        0.31650424003601074,
                        0.21100106835365295,
                        0.3416006565093994,
                        0.41959625482559204,
                        0.4662615656852722,
                        0.5577788949012756,
                        0.5921896696090698,
                        0.3561670184135437,
                        0.4111403226852417
                    ],
                    [
                        0.6433157324790955,
                        0.6688863039016724,
                        0.5742075443267822,
                        0.5152550935745239,
                        0.4716578722000122,
                        0.35116302967071533,
                        0.41308173537254333,
                        0.4676218032836914,
                        0.4591878652572632,
                        0.5189712047576904,
                        0.5906205773353577,
                        0.6371375322341919,
                        0.5808852314949036,
                        0.658808708190918,
                        0.4074491262435913,
                        0.45018959045410156,
                        0.40878772735595703,
                        0.47735393047332764,
                        0.5610543489456177,
                        0.5498207211494446
                    ]
                ]
            ],
            "states": [
                [
                    [
                        4019648.0,
                        3.81172176275868e-05,
                        0.00027542549651116133,
                        604074.25
                    ],
                    [
                        3591040.0,
                        3.7697544030379504e-05,
                        0.00025879128952510655,
                        645691.25
                    ],
                    [
                        4225264.0,
                        3.727625517058186e-05,
                        0.0002528103068470955,
                        514911.09375
                    ],
                    [
                        4439568.0,
                        3.6820012610405684e-05,
                        0.00020026147831231356,
                        552938.5
                    ],
                    [
                        5228728.0,
                        3.6324065149528906e-05,
                        0.00022364039614330977,
                        577892.375
                    ],
                    [
                        5965760.0,
                        3.5766250221058726e-05,
                        0.0002323320077266544,
                        503764.8125
                    ],
                    [
                        6114904.0,
                        3.518302401062101e-05,
                        0.00023472661268897355,
                        508360.15625
                    ],
                    [
                        5644304.0,
                        3.463315078988671e-05,
                        0.00024062122975010425,
                        571257.3125
                    ],
                    [
                        5870192.0,
                        3.411128273000941e-05,
                        0.0001874879380920902,
                        547187.9375
                    ],
                    [
                        5618240.0,
                        3.360593836987391e-05,
                        0.00025532711879350245,
                        590262.375
                    ],
                    [
                        6352376.0,
                        3.3095278922701254e-05,
                        0.0002452299522701651,
                        574275.5
                    ],
                    [
                        5702224.0,
                        3.259619916207157e-05,
                        0.00023082415282260627,
                        543057.75
                    ],
                    [
                        7646888.0,
                        3.206136170774698e-05,
                        0.00026125748991034925,
                        526472.875
                    ],
                    [
                        5964312.0,
                        3.153302532155067e-05,
                        0.00024003862927202135,
                        536332.125
                    ],
                    [
                        5580592.0,
                        3.109858516836539e-05,
                        0.00019315553072374314,
                        564225.875
                    ],
                    [
                        6007752.0,
                        3.0674520530737936e-05,
                        0.00022412248654291034,
                        547189.8125
                    ],
                    [
                        4469976.0,
                        3.0300650905701332e-05,
                        0.00023788119142409414,
                        655379.0
                    ],
                    [
                        3631584.0,
                        3.0017836252227426e-05,
                        0.0002484873402863741,
                        709152.875
                    ],
                    [
                        3940008.0,
                        2.9758366508758627e-05,
                        0.00025739934062585235,
                        659045.125
                    ],
                    [
                        3424520.0,
                        2.951018359453883e-05,
                        0.00019004895875696093,
                        668658.9375
                    ]
                ]
            ],
            "actions": [
                [
                    [
                        0.5
                    ],
                    [
                        0.5
                    ],
                    [
                        0.5
                    ],
                    [
                        0.5
                    ],
                    [
                        0.5
                    ],
                    [
                        0.5
                    ],
                    [
                        0.5
                    ],
                    [
                        0.5
                    ],
                    [
                        0.5
                    ],
                    [
                        0.5
                    ],
                    [
                        0.5
                    ],
                    [
                        0.5
                    ],
                    [
                        0.5
                    ],
                    [
                        0.5
                    ],
                    [
                        0.5
                    ],
                    [
                        0.5
                    ],
                    [
                        0.5
                    ],
                    [
                        0.5
                    ],
                    [
                        0.5
                    ],
                    [
                        0.5
                    ]
                ]
            ],
            "returns": [
                [
                    [
                        0.13405705988407135
                    ],
                    [
                        0.13314884901046753
                    ],
                    [
                        0.13225065171718597
                    ],
                    [
                        0.13133801519870758
                    ],
                    [
                        0.1304210126399994
                    ],
                    [
                        0.1294894963502884
                    ],
                    [
                        0.12854628264904022
                    ],
                    [
                        0.12760089337825775
                    ],
                    [
                        0.12666259706020355
                    ],
                    [
                        0.12572081387043
                    ],
                    [
                        0.12478292733430862
                    ],
                    [
                        0.12383415549993515
                    ],
                    [
                        0.12289495021104813
                    ],
                    [
                        0.12192973494529724
                    ],
                    [
                        0.12098655104637146
                    ],
                    [
                        0.12004926055669785
                    ],
                    [
                        0.11910542845726013
                    ],
                    [
                        0.118187814950943
                    ],
                    [
                        0.11728861182928085
                    ],
                    [
                        0.1163821816444397
                    ]
                ]
            ],
            "timesteps": [
                [
                    480,
                    481,
                    482,
                    483,
                    484,
                    485,
                    486,
                    487,
                    488,
                    489,
                    490,
                    491,
                    492,
                    493,
                    494,
                    495,
                    496,
                    497,
                    498,
                    499
                ]
            ],
            "labels": [
                [
                    1,
                    1,
                    1,
                    1,
                    1,
                    1,
                    1,
                    1,
                    1,
                    1,
                    1,
                    1,
                    1,
                    1,
                    1,
                    1,
                    1,
                    1,
                    1,
                    1
                ]
            ],
            "CPU Usage": 50.1,
            "RAM Usage": 56.2,
            "GPU Usage": 0.0,
            "VRAM Usage": 559.0,
            "Disk Read Speed (MB/s)": 190390.73046875,
            "Disk Write Speed (MB/s)": 265784.8759765625
        },
        {
            "step": 1,
            "train_loss": 0.02875598333775997,
            "actions_pred1": [
                [
                    [
                        -0.07046505808830261,
                        -0.2398359477519989,
                        0.5248817205429077,
                        0.4986899495124817
                    ],
                    [
                        -0.18989410996437073,
                        -0.16768649220466614,
                        0.5954397320747375,
                        0.44448500871658325
                    ],
                    [
                        -0.1912883222103119,
                        -0.2151617854833603,
                        0.6760393381118774,
                        0.48502257466316223
                    ],
                    [
                        -0.19328591227531433,
                        -0.21806077659130096,
                        0.819036066532135,
                        0.41313934326171875
                    ],
                    [
                        -0.17145034670829773,
                        -0.08303303271532059,
                        0.8614956736564636,
                        0.44783902168273926
                    ],
                    [
                        -0.09889644384384155,
                        -0.1661701798439026,
                        0.7675814628601074,
                        0.5466474890708923
                    ],
                    [
                        -0.19351813197135925,
                        -0.1970278024673462,
                        0.5606326460838318,
                        0.5288517475128174
                    ],
                    [
                        -0.10672245919704437,
                        -0.09593627601861954,
                        0.6249658465385437,
                        0.5610452890396118
                    ],
                    [
                        -0.12174586206674576,
                        -0.08162357658147812,
                        0.6334894299507141,
                        0.5512454509735107
                    ],
                    [
                        -0.2717391550540924,
                        -0.1506730616092682,
                        0.7498253583908081,
                        0.4702304005622864
                    ],
                    [
                        -0.2513579726219177,
                        -0.06022293120622635,
                        0.9587815403938293,
                        0.46615228056907654
                    ],
                    [
                        -0.2636672556400299,
                        -0.09158142656087875,
                        0.9183259606361389,
                        0.5138009190559387
                    ],
                    [
                        -0.34007593989372253,
                        -0.21431864798069,
                        0.9017620086669922,
                        0.4683370590209961
                    ],
                    [
                        -0.2905219495296478,
                        -0.14263099431991577,
                        0.9574004411697388,
                        0.4379957318305969
                    ],
                    [
                        -0.2797516882419586,
                        -0.15020185708999634,
                        0.9341981410980225,
                        0.448800265789032
                    ],
                    [
                        -0.261577308177948,
                        -0.1322324573993683,
                        0.890080451965332,
                        0.4960125684738159
                    ],
                    [
                        -0.3448822796344757,
                        -0.17898046970367432,
                        0.8263856768608093,
                        0.5264900922775269
                    ],
                    [
                        -0.385823130607605,
                        -0.06436921656131744,
                        0.8394278287887573,
                        0.5500999093055725
                    ],
                    [
                        -0.3173440098762512,
                        -0.0800832211971283,
                        0.8504668474197388,
                        0.5494629144668579
                    ],
                    [
                        -0.33388251066207886,
                        -0.06432560831308365,
                        0.8941195011138916,
                        0.5304015278816223
                    ]
                ]
            ],
            "actions_pred": [
                [
                    [
                        -0.07046505808830261,
                        -0.18989410996437073,
                        -0.1912883222103119,
                        -0.19328591227531433,
                        -0.17145034670829773,
                        -0.09889644384384155,
                        -0.19351813197135925,
                        -0.10672245919704437,
                        -0.12174586206674576,
                        -0.2717391550540924,
                        -0.2513579726219177,
                        -0.2636672556400299,
                        -0.34007593989372253,
                        -0.2905219495296478,
                        -0.2797516882419586,
                        -0.261577308177948,
                        -0.3448822796344757,
                        -0.385823130607605,
                        -0.3173440098762512,
                        -0.33388251066207886
                    ],
                    [
                        -0.2398359477519989,
                        -0.16768649220466614,
                        -0.2151617854833603,
                        -0.21806077659130096,
                        -0.08303303271532059,
                        -0.1661701798439026,
                        -0.1970278024673462,
                        -0.09593627601861954,
                        -0.08162357658147812,
                        -0.1506730616092682,
                        -0.06022293120622635,
                        -0.09158142656087875,
                        -0.21431864798069,
                        -0.14263099431991577,
                        -0.15020185708999634,
                        -0.1322324573993683,
                        -0.17898046970367432,
                        -0.06436921656131744,
                        -0.0800832211971283,
                        -0.06432560831308365
                    ],
                    [
                        0.5248817205429077,
                        0.5954397320747375,
                        0.6760393381118774,
                        0.819036066532135,
                        0.8614956736564636,
                        0.7675814628601074,
                        0.5606326460838318,
                        0.6249658465385437,
                        0.6334894299507141,
                        0.7498253583908081,
                        0.9587815403938293,
                        0.9183259606361389,
                        0.9017620086669922,
                        0.9574004411697388,
                        0.9341981410980225,
                        0.890080451965332,
                        0.8263856768608093,
                        0.8394278287887573,
                        0.8504668474197388,
                        0.8941195011138916
                    ],
                    [
                        0.4986899495124817,
                        0.44448500871658325,
                        0.48502257466316223,
                        0.41313934326171875,
                        0.44783902168273926,
                        0.5466474890708923,
                        0.5288517475128174,
                        0.5610452890396118,
                        0.5512454509735107,
                        0.4702304005622864,
                        0.46615228056907654,
                        0.5138009190559387,
                        0.4683370590209961,
                        0.4379957318305969,
                        0.448800265789032,
                        0.4960125684738159,
                        0.5264900922775269,
                        0.5500999093055725,
                        0.5494629144668579,
                        0.5304015278816223
                    ]
                ]
            ],
            "states": [
                [
                    [
                        3105960.0,
                        0.00044856633758172393,
                        0.0002628508664201945,
                        907599.4375
                    ],
                    [
                        3777832.0,
                        0.00036993034882470965,
                        0.00026417680783197284,
                        946940.1875
                    ],
                    [
                        4115216.0,
                        0.00030784233240410686,
                        0.0002805523981805891,
                        868017.4375
                    ],
                    [
                        4368616.0,
                        0.0002607771893963218,
                        0.00026978878304362297,
                        839353.625
                    ],
                    [
                        5060760.0,
                        0.0002229743986390531,
                        0.00027627943200059235,
                        780951.6875
                    ],
                    [
                        5356152.0,
                        0.00019212921324651688,
                        0.00025924446526914835,
                        788666.125
                    ],
                    [
                        5373528.0,
                        0.00012254947796463966,
                        0.006524195894598961,
                        846197.875
                    ],
                    [
                        5111440.0,
                        0.00011254391574766487,
                        0.002146858023479581,
                        777919.5
                    ],
                    [
                        5496608.0,
                        0.00010397062578704208,
                        0.0023773028515279293,
                        803926.1875
                    ],
                    [
                        5341672.0,
                        9.645324462326244e-05,
                        0.0020079242531210184,
                        853121.5
                    ],
                    [
                        5344568.0,
                        9.003730519907549e-05,
                        0.0019139255164191127,
                        790495.3125
                    ],
                    [
                        5479232.0,
                        8.435636846115813e-05,
                        0.0013429223326966166,
                        807753.3125
                    ],
                    [
                        5356152.0,
                        7.934254972497001e-05,
                        0.0011628043139353395,
                        855534.6875
                    ],
                    [
                        5398144.0,
                        7.492363511119038e-05,
                        0.0009117702720686793,
                        841216.6875
                    ],
                    [
                        5729736.0,
                        7.084311073413119e-05,
                        0.000803604198154062,
                        821157.125
                    ],
                    [
                        5244656.0,
                        6.722798570990562e-05,
                        0.000699773314408958,
                        790182.875
                    ],
                    [
                        5503848.0,
                        6.403109728125855e-05,
                        0.0006680691731162369,
                        817074.375
                    ],
                    [
                        5367736.0,
                        6.109109381213784e-05,
                        0.0005246230284683406,
                        814748.3125
                    ],
                    [
                        5217144.0,
                        5.847758802701719e-05,
                        0.00046889804070815444,
                        836873.125
                    ],
                    [
                        5033248.0,
                        5.6151271564885974e-05,
                        0.00035997320082969964,
                        833663.1875
                    ]
                ]
            ],
            "actions": [
                [
                    [
                        0.75
                    ],
                    [
                        0.75
                    ],
                    [
                        0.75
                    ],
                    [
                        0.75
                    ],
                    [
                        0.75
                    ],
                    [
                        0.75
                    ],
                    [
                        0.75
                    ],
                    [
                        0.75
                    ],
                    [
                        0.75
                    ],
                    [
                        0.75
                    ],
                    [
                        0.75
                    ],
                    [
                        0.75
                    ],
                    [
                        0.75
                    ],
                    [
                        0.75
                    ],
                    [
                        0.75
                    ],
                    [
                        0.75
                    ],
                    [
                        0.75
                    ],
                    [
                        0.75
                    ],
                    [
                        0.75
                    ],
                    [
                        0.75
                    ]
                ]
            ],
            "returns": [
                [
                    [
                        0.37910521030426025
                    ],
                    [
                        0.378219872713089
                    ],
                    [
                        0.3773171603679657
                    ],
                    [
                        0.37640687823295593
                    ],
                    [
                        0.37549129128456116
                    ],
                    [
                        0.37456268072128296
                    ],
                    [
                        0.37362903356552124
                    ],
                    [
                        0.37269508838653564
                    ],
                    [
                        0.3717655837535858
                    ],
                    [
                        0.37082964181900024
                    ],
                    [
                        0.3698962330818176
                    ],
                    [
                        0.36896276473999023
                    ],
                    [
                        0.36802709102630615
                    ],
                    [
                        0.36709344387054443
                    ],
                    [
                        0.3661591112613678
                    ],
                    [
                        0.36521947383880615
                    ],
                    [
                        0.36428767442703247
                    ],
                    [
                        0.36335161328315735
                    ],
                    [
                        0.3624177873134613
                    ],
                    [
                        0.3614864647388458
                    ]
                ]
            ],
            "timesteps": [
                [
                    220,
                    221,
                    222,
                    223,
                    224,
                    225,
                    226,
                    227,
                    228,
                    229,
                    230,
                    231,
                    232,
                    233,
                    234,
                    235,
                    236,
                    237,
                    238,
                    239
                ]
            ],
            "labels": [
                [
                    2,
                    2,
                    2,
                    2,
                    2,
                    2,
                    2,
                    2,
                    2,
                    2,
                    2,
                    2,
                    2,
                    2,
                    2,
                    2,
                    2,
                    2,
                    2,
                    2
                ]
            ],
            "CPU Usage": 47.5,
            "RAM Usage": 57.4,
            "GPU Usage": 0.0,
            "VRAM Usage": 558.0,
            "Disk Read Speed (MB/s)": 190390.73046875,
            "Disk Write Speed (MB/s)": 265787.0517578125
        },
        {
            "step": 2,
            "train_loss": 0.03630023077130318,
            "actions_pred1": [
                [
                    [
                        0.00667242705821991,
                        -0.1121009886264801,
                        0.4045509099960327,
                        0.5483044385910034
                    ],
                    [
                        -0.2845180630683899,
                        0.18190275132656097,
                        0.5671105980873108,
                        0.4290396571159363
                    ],
                    [
                        -0.22883306443691254,
                        0.06123612821102142,
                        0.5972687602043152,
                        0.7027145624160767
                    ],
                    [
                        -0.15974779427051544,
                        -0.27557098865509033,
                        0.30144378542900085,
                        0.558290958404541
                    ],
                    [
                        -0.2666917145252228,
                        -0.08185698091983795,
                        0.267982542514801,
                        0.6939164996147156
                    ],
                    [
                        -0.3094978332519531,
                        0.07451458275318146,
                        0.45797067880630493,
                        0.6177932024002075
                    ],
                    [
                        -0.2879827618598938,
                        0.06091153621673584,
                        0.46007177233695984,
                        0.6295995712280273
                    ],
                    [
                        -0.4675421714782715,
                        0.06627212464809418,
                        0.37862008810043335,
                        0.7883831262588501
                    ],
                    [
                        -0.6172924041748047,
                        0.032805927097797394,
                        0.4812062084674835,
                        0.734508752822876
                    ],
                    [
                        -0.6378976106643677,
                        -0.03440422564744949,
                        0.5058504939079285,
                        0.6947864890098572
                    ],
                    [
                        -0.5746572017669678,
                        0.05134229362010956,
                        0.4078036844730377,
                        0.6992027759552002
                    ],
                    [
                        -0.660821259021759,
                        0.03591995686292648,
                        0.42056527733802795,
                        0.6385669112205505
                    ],
                    [
                        -0.8183989524841309,
                        -0.06675020605325699,
                        0.6232948899269104,
                        0.5178320407867432
                    ],
                    [
                        -0.5546497702598572,
                        -0.05625690519809723,
                        0.6598325967788696,
                        0.627948522567749
                    ],
                    [
                        -0.5191247463226318,
                        -0.09675958752632141,
                        0.5163869857788086,
                        0.5938044190406799
                    ],
                    [
                        -0.6661296486854553,
                        -0.08994878828525543,
                        0.5032250881195068,
                        0.5734132528305054
                    ],
                    [
                        -0.5686831474304199,
                        0.07038431614637375,
                        0.5866192579269409,
                        0.6811433434486389
                    ],
                    [
                        -0.5690521001815796,
                        0.07101026922464371,
                        0.5979901552200317,
                        0.6674145460128784
                    ],
                    [
                        -0.5729640126228333,
                        0.0792786255478859,
                        0.4751579463481903,
                        0.7474569082260132
                    ],
                    [
                        -0.48173248767852783,
                        0.1195780485868454,
                        0.5105674266815186,
                        0.758820116519928
                    ]
                ]
            ],
            "actions_pred": [
                [
                    [
                        0.00667242705821991,
                        -0.2845180630683899,
                        -0.22883306443691254,
                        -0.15974779427051544,
                        -0.2666917145252228,
                        -0.3094978332519531,
