{
    "steps": [
        {
            "step": 0,
            "train_loss": 0.031496692448854446,
            "actions_pred1": [
                [
                    [
                        -0.17197518050670624,
                        -0.26810115575790405,
                        0.525883138179779,
                        0.6555472612380981
                    ],
                    [
                        -0.3303288519382477,
                        -0.2483729124069214,
                        0.6490381956100464,
                        0.614107608795166
                    ],
                    [
                        -0.2606395184993744,
                        -0.1740415096282959,
                        0.6007587909698486,
                        0.7058597803115845
                    ],
                    [
                        -0.19731080532073975,
                        -0.16378220915794373,
                        0.6593161225318909,
                        0.6097745895385742
                    ],
                    [
                        -0.15551722049713135,
                        -0.15691502392292023,
                        0.5754981637001038,
                        0.49846798181533813
                    ],
                    [
                        -0.3324967920780182,
                        -0.2168141007423401,
                        0.515555739402771,
                        0.5784649848937988
                    ],
                    [
                        -0.3463210463523865,
                        -0.26794126629829407,
                        0.5964809060096741,
                        0.596083402633667
                    ],
                    [
                        -0.350641131401062,
                        -0.17798574268817902,
                        0.6515198349952698,
                        0.5360251665115356
                    ],
                    [
                        -0.21598009765148163,
                        -0.17086154222488403,
                        0.6761260032653809,
                        0.6503366231918335
                    ],
                    [
                        -0.25375598669052124,
                        -0.268226683139801,
                        0.6568735837936401,
                        0.6590903997421265
                    ],
                    [
                        -0.2601528465747833,
                        -0.14733974635601044,
                        0.6935922503471375,
                        0.6450229287147522
                    ],
                    [
                        -0.19950884580612183,
                        -0.2153048813343048,
                        0.6171092987060547,
                        0.6168814897537231
                    ],
                    [
                        -0.19633430242538452,
                        -0.23217475414276123,
                        0.6072582006454468,
                        0.6595576405525208
                    ],
                    [
                        -0.2048586755990982,
                        -0.15700580179691315,
                        0.8453125953674316,
                        0.7754856944084167
                    ],
                    [
                        -0.2159034013748169,
                        -0.13051369786262512,
                        0.9029823541641235,
                        0.8498409986495972
                    ],
                    [
                        -0.2223946452140808,
                        -0.16075743734836578,
                        0.9573570489883423,
                        0.8701549768447876
                    ],
                    [
                        -0.43337756395339966,
                        -0.18538784980773926,
                        0.899276614189148,
                        0.8083631992340088
                    ],
                    [
                        -0.5101079344749451,
                        -0.16159698367118835,
                        0.9058008790016174,
                        0.8333033323287964
                    ],
                    [
                        -0.5129784941673279,
                        -0.14094743132591248,
                        0.8482298254966736,
                        0.8126806616783142
                    ],
                    [
                        -0.49013185501098633,
                        0.01746966689825058,
                        1.0594691038131714,
                        0.7130602598190308
                    ]
                ]
            ],
            "actions_pred": [
                [
                    [
                        -0.17197518050670624,
                        -0.3303288519382477,
                        -0.2606395184993744,
                        -0.19731080532073975,
                        -0.15551722049713135,
                        -0.3324967920780182,
                        -0.3463210463523865,
                        -0.350641131401062,
                        -0.21598009765148163,
                        -0.25375598669052124,
                        -0.2601528465747833,
                        -0.19950884580612183,
                        -0.19633430242538452,
                        -0.2048586755990982,
                        -0.2159034013748169,
                        -0.2223946452140808,
                        -0.43337756395339966,
                        -0.5101079344749451,
                        -0.5129784941673279,
                        -0.49013185501098633
                    ],
                    [
                        -0.26810115575790405,
                        -0.2483729124069214,
                        -0.1740415096282959,
                        -0.16378220915794373,
                        -0.15691502392292023,
                        -0.2168141007423401,
                        -0.26794126629829407,
                        -0.17798574268817902,
                        -0.17086154222488403,
                        -0.268226683139801,
                        -0.14733974635601044,
                        -0.2153048813343048,
                        -0.23217475414276123,
                        -0.15700580179691315,
                        -0.13051369786262512,
                        -0.16075743734836578,
                        -0.18538784980773926,
                        -0.16159698367118835,
                        -0.14094743132591248,
                        0.01746966689825058
                    ],
                    [
                        0.525883138179779,
                        0.6490381956100464,
                        0.6007587909698486,
                        0.6593161225318909,
                        0.5754981637001038,
                        0.515555739402771,
                        0.5964809060096741,
                        0.6515198349952698,
                        0.6761260032653809,
                        0.6568735837936401,
                        0.6935922503471375,
                        0.6171092987060547,
                        0.6072582006454468,
                        0.8453125953674316,
                        0.9029823541641235,
                        0.9573570489883423,
                        0.899276614189148,
                        0.9058008790016174,
                        0.8482298254966736,
                        1.0594691038131714
                    ],
                    [
                        0.6555472612380981,
                        0.614107608795166,
                        0.7058597803115845,
                        0.6097745895385742,
                        0.49846798181533813,
                        0.5784649848937988,
                        0.596083402633667,
                        0.5360251665115356,
                        0.6503366231918335,
                        0.6590903997421265,
                        0.6450229287147522,
                        0.6168814897537231,
                        0.6595576405525208,
                        0.7754856944084167,
                        0.8498409986495972,
                        0.8701549768447876,
                        0.8083631992340088,
                        0.8333033323287964,
                        0.8126806616783142,
                        0.7130602598190308
                    ]
                ]
            ],
            "states": [
                [
                    [
                        9069003.0,
                        0.0034533278085291386,
                        0.0002651966060511768,
                        441188.5625
                    ],
                    [
                        11320464.0,
                        0.000310528528643772,
                        0.0002789112040773034,
                        436995.21875
                    ],
                    [
                        10438632.0,
                        0.00017193457460962236,
                        0.00025781430304050446,
                        493798.40625
                    ],
                    [
                        10012920.0,
                        0.00012196777242934331,
                        0.0002818313369061798,
                        466062.65625
                    ],
                    [
                        10120072.0,
                        9.498456347500905e-05,
                        0.00027022496215067804,
                        484496.1875
                    ],
                    [
                        9115160.0,
                        7.838496094336733e-05,
                        0.00027221045456826687,
                        480218.375
                    ],
                    [
                        8819768.0,
                        6.74370166962035e-05,
                        0.0002733847650233656,
                        463188.125
                    ],
                    [
                        9522048.0,
                        5.902954944758676e-05,
                        0.00026607781182974577,
                        571538.5
                    ],
                    [
                        9099232.0,
                        5.2383467846084386e-05,
                        0.00028466759249567986,
                        601120.625
                    ],
                    [
                        8877688.0,
                        4.72521896881517e-05,
                        0.0002693114511203021,
                        590414.6875
                    ],
                    [
                        7406288.0,
                        4.339466249803081e-05,
                        0.0002695369767025113,
                        529230.5625
                    ],
                    [
                        7668840.0,
                        4.0354032535105944e-05,
                        0.00026757299201563,
                        612860.8125
                    ],
                    [
                        7531048.0,
                        3.768979149754159e-05,
                        0.0002770914288703352,
                        740788.0625
                    ],
                    [
                        7394936.0,
                        3.539538010954857e-05,
                        0.0002540841815061867,
                        705727.25
                    ],
                    [
                        6951848.0,
                        3.34380820277147e-05,
                        0.0002650599053595215,
                        732259.125
                    ],
                    [
                        6330656.0,
                        3.180928251822479e-05,
                        0.00027801760006695986,
                        722867.4375
                    ],
                    [
                        5884672.0,
                        3.0445722586591728e-05,
                        0.0002704633225221187,
                        677627.4375
                    ],
                    [
                        5363392.0,
                        2.9289631129358895e-05,
                        0.0002756867033895105,
                        805457.5625
                    ],
                    [
                        5311264.0,
                        2.82715027424274e-05,
                        0.00025344316964037716,
                        860605.0
                    ],
                    [
                        5401040.0,
                        2.6375411835033447e-05,
                        0.000413205154472962,
                        833632.5625
                    ]
                ]
            ],
            "actions": [
                [
                    [
                        0.75
                    ],
                    [
                        0.75
                    ],
                    [
                        0.75
                    ],
                    [
                        0.75
                    ],
                    [
                        0.75
                    ],
                    [
                        0.75
                    ],
                    [
                        0.75
                    ],
                    [
                        0.75
                    ],
                    [
                        0.75
                    ],
                    [
                        0.75
                    ],
                    [
                        0.75
                    ],
                    [
                        0.75
                    ],
                    [
                        0.75
                    ],
                    [
                        0.75
                    ],
                    [
                        0.75
                    ],
                    [
                        0.75
                    ],
                    [
                        0.75
                    ],
                    [
                        0.75
                    ],
                    [
                        0.75
                    ],
                    [
                        0.75
                    ]
                ]
            ],
            "returns": [
                [
                    [
                        0.5809153318405151
                    ],
                    [
                        0.5799350142478943
                    ],
                    [
                        0.5789350271224976
                    ],
                    [
                        0.5779421925544739
                    ],
                    [
                        0.5769530534744263
                    ],
                    [
                        0.575963020324707
                    ],
                    [
                        0.574982225894928
                    ],
                    [
                        0.5740043520927429
                    ],
                    [
                        0.5730196833610535
                    ],
                    [
                        0.5720390677452087
                    ],
                    [
                        0.5710605978965759
                    ],
                    [
                        0.5700982213020325
                    ],
                    [
                        0.5691327452659607
                    ],
                    [
                        0.5681688785552979
                    ],
                    [
                        0.567206621170044
                    ],
                    [
                        0.5662498474121094
                    ],
                    [
                        0.5653014183044434
                    ],
                    [
                        0.5643594264984131
                    ],
                    [
                        0.563425600528717
                    ],
                    [
                        0.5624927282333374
                    ]
                ]
            ],
            "timesteps": [
                [
                    0,
                    1,
                    2,
                    3,
                    4,
                    5,
                    6,
                    7,
                    8,
                    9,
                    10,
                    11,
                    12,
                    13,
                    14,
                    15,
                    16,
                    17,
                    18,
                    19
                ]
            ],
            "labels": [
                [
                    2,
                    2,
                    2,
                    2,
                    2,
                    2,
                    2,
                    2,
                    2,
                    2,
                    2,
                    2,
                    2,
                    2,
                    2,
                    2,
                    2,
                    2,
                    2,
                    2
                ]
            ],
            "CPU Usage": 47.8,
            "RAM Usage": 56.8,
            "GPU Usage": 0.0,
            "VRAM Usage": 414.0,
            "Disk Read Speed (MB/s)": 190392.35546875,
            "Disk Write Speed (MB/s)": 266992.3642578125
        },
        {
            "step": 1,
            "train_loss": 0.028730642050504684,
            "actions_pred1": [
                [
                    [
                        -0.07136692106723785,
                        -0.23889973759651184,
                        0.5254918336868286,
                        0.49713677167892456
                    ],
                    [
                        -0.19077378511428833,
                        -0.16672933101654053,
                        0.5960791707038879,
                        0.4429246187210083
                    ],
                    [
                        -0.19212819635868073,
                        -0.2142447531223297,
                        0.6766439080238342,
                        0.48352885246276855
                    ],
                    [
                        -0.19413794577121735,
                        -0.21713010966777802,
                        0.819633960723877,
                        0.4116370975971222
                    ],
                    [
                        -0.17232003808021545,
                        -0.08209159225225449,
                        0.862113356590271,
                        0.4463077783584595
                    ],
                    [
                        -0.09979959577322006,
                        -0.165196031332016,
                        0.7682258486747742,
                        0.5450695157051086
                    ],
                    [
                        -0.1944257616996765,
                        -0.19603824615478516,
                        0.5612909197807312,
                        0.5272706747055054
                    ],
                    [
                        -0.10759777575731277,
                        -0.0949651449918747,
                        0.6255927681922913,
                        0.5594903826713562
                    ],
                    [
                        -0.12260749936103821,
                        -0.08067066967487335,
                        0.6340958476066589,
                        0.5497369170188904
                    ],
                    [
                        -0.2726176679134369,
                        -0.14970718324184418,
                        0.7504574656486511,
                        0.46871742606163025
                    ],
                    [
                        -0.2522500157356262,
                        -0.059262070804834366,
                        0.9593908786773682,
                        0.46458014845848083
                    ],
                    [
                        -0.2645311951637268,
                        -0.09063202887773514,
                        0.9189258217811584,
                        0.5122568011283875
                    ],
                    [
                        -0.3409382402896881,
                        -0.213352233171463,
                        0.9023591876029968,
                        0.46677884459495544
                    ],
                    [
                        -0.2913956046104431,
                        -0.14164958894252777,
                        0.9580025672912598,
                        0.43642348051071167
                    ],
                    [
                        -0.2806355357170105,
                        -0.1491934210062027,
                        0.9348293542861938,
                        0.4472133219242096
                    ],
                    [
                        -0.26249390840530396,
                        -0.13121658563613892,
                        0.8907219767570496,
                        0.4944148063659668
                    ],
                    [
                        -0.34578925371170044,
                        -0.1779693067073822,
                        0.8270342350006104,
                        0.5249161720275879
                    ],
                    [
                        -0.38669389486312866,
                        -0.06337057054042816,
                        0.8400532603263855,
                        0.5485748052597046
                    ],
                    [
                        -0.31827011704444885,
                        -0.07905574142932892,
                        0.8511289358139038,
                        0.5478965044021606
                    ],
                    [
                        -0.3348030745983124,
                        -0.06331660598516464,
                        0.894752025604248,
                        0.5288163423538208
                    ]
                ]
            ],
            "actions_pred": [
                [
                    [
                        -0.07136692106723785,
                        -0.19077378511428833,
                        -0.19212819635868073,
                        -0.19413794577121735,
                        -0.17232003808021545,
                        -0.09979959577322006,
                        -0.1944257616996765,
                        -0.10759777575731277,
                        -0.12260749936103821,
                        -0.2726176679134369,
                        -0.2522500157356262,
                        -0.2645311951637268,
                        -0.3409382402896881,
                        -0.2913956046104431,
                        -0.2806355357170105,
                        -0.26249390840530396,
                        -0.34578925371170044,
                        -0.38669389486312866,
                        -0.31827011704444885,
                        -0.3348030745983124
                    ],
                    [
                        -0.23889973759651184,
                        -0.16672933101654053,
                        -0.2142447531223297,
                        -0.21713010966777802,
                        -0.08209159225225449,
                        -0.165196031332016,
                        -0.19603824615478516,
                        -0.0949651449918747,
                        -0.08067066967487335,
                        -0.14970718324184418,
                        -0.059262070804834366,
                        -0.09063202887773514,
                        -0.213352233171463,
                        -0.14164958894252777,
                        -0.1491934210062027,
                        -0.13121658563613892,
                        -0.1779693067073822,
                        -0.06337057054042816,
                        -0.07905574142932892,
                        -0.06331660598516464
                    ],
                    [
                        0.5254918336868286,
                        0.5960791707038879,
                        0.6766439080238342,
                        0.819633960723877,
                        0.862113356590271,
                        0.7682258486747742,
                        0.5612909197807312,
                        0.6255927681922913,
                        0.6340958476066589,
                        0.7504574656486511,
                        0.9593908786773682,
                        0.9189258217811584,
                        0.9023591876029968,
                        0.9580025672912598,
                        0.9348293542861938,
                        0.8907219767570496,
                        0.8270342350006104,
                        0.8400532603263855,
                        0.8511289358139038,
                        0.894752025604248
                    ],
                    [
                        0.49713677167892456,
                        0.4429246187210083,
                        0.48352885246276855,
                        0.4116370975971222,
                        0.4463077783584595,
                        0.5450695157051086,
                        0.5272706747055054,
                        0.5594903826713562,
                        0.5497369170188904,
                        0.46871742606163025,
                        0.46458014845848083,
                        0.5122568011283875,
                        0.46677884459495544,
                        0.43642348051071167,
                        0.4472133219242096,
                        0.4944148063659668,
                        0.5249161720275879,
                        0.5485748052597046,
                        0.5478965044021606,
                        0.5288163423538208
                    ]
                ]
            ],
            "states": [
                [
                    [
                        3105960.0,
                        0.00044856633758172393,
                        0.0002628508664201945,
                        907599.4375
                    ],
                    [
                        3777832.0,
                        0.00036993034882470965,
                        0.00026417680783197284,
                        946940.1875
                    ],
                    [
                        4115216.0,
                        0.00030784233240410686,
                        0.0002805523981805891,
                        868017.4375
                    ],
                    [
                        4368616.0,
                        0.0002607771893963218,
                        0.00026978878304362297,
                        839353.625
                    ],
                    [
                        5060760.0,
                        0.0002229743986390531,
                        0.00027627943200059235,
                        780951.6875
                    ],
                    [
                        5356152.0,
                        0.00019212921324651688,
                        0.00025924446526914835,
                        788666.125
                    ],
                    [
                        5373528.0,
                        0.00012254947796463966,
                        0.006524195894598961,
                        846197.875
                    ],
                    [
                        5111440.0,
                        0.00011254391574766487,
                        0.002146858023479581,
                        777919.5
                    ],
                    [
                        5496608.0,
                        0.00010397062578704208,
                        0.0023773028515279293,
                        803926.1875
                    ],
                    [
                        5341672.0,
                        9.645324462326244e-05,
                        0.0020079242531210184,
                        853121.5
                    ],
                    [
                        5344568.0,
                        9.003730519907549e-05,
                        0.0019139255164191127,
                        790495.3125
                    ],
                    [
                        5479232.0,
                        8.435636846115813e-05,
                        0.0013429223326966166,
                        807753.3125
                    ],
                    [
                        5356152.0,
                        7.934254972497001e-05,
                        0.0011628043139353395,
                        855534.6875
                    ],
                    [
                        5398144.0,
                        7.492363511119038e-05,
                        0.0009117702720686793,
                        841216.6875
                    ],
                    [
                        5729736.0,
                        7.084311073413119e-05,
                        0.000803604198154062,
                        821157.125
                    ],
                    [
                        5244656.0,
                        6.722798570990562e-05,
                        0.000699773314408958,
                        790182.875
                    ],
                    [
                        5503848.0,
                        6.403109728125855e-05,
                        0.0006680691731162369,
                        817074.375
                    ],
                    [
                        5367736.0,
                        6.109109381213784e-05,
                        0.0005246230284683406,
                        814748.3125
                    ],
                    [
                        5217144.0,
                        5.847758802701719e-05,
                        0.00046889804070815444,
                        836873.125
                    ],
                    [
                        5033248.0,
                        5.6151271564885974e-05,
                        0.00035997320082969964,
                        833663.1875
                    ]
                ]
            ],
            "actions": [
                [
                    [
                        0.75
                    ],
                    [
                        0.75
                    ],
                    [
                        0.75
                    ],
                    [
                        0.75
                    ],
                    [
                        0.75
                    ],
                    [
                        0.75
                    ],
                    [
                        0.75
                    ],
                    [
                        0.75
                    ],
                    [
                        0.75
                    ],
                    [
                        0.75
                    ],
                    [
                        0.75
                    ],
                    [
                        0.75
                    ],
                    [
                        0.75
                    ],
                    [
                        0.75
                    ],
                    [
                        0.75
                    ],
                    [
                        0.75
                    ],
                    [
                        0.75
                    ],
                    [
                        0.75
                    ],
                    [
                        0.75
                    ],
                    [
                        0.75
                    ]
                ]
            ],
            "returns": [
                [
                    [
                        0.37910521030426025
                    ],
                    [
                        0.378219872713089
                    ],
                    [
                        0.3773171603679657
                    ],
                    [
                        0.37640687823295593
                    ],
                    [
                        0.37549129128456116
                    ],
                    [
                        0.37456268072128296
                    ],
                    [
                        0.37362903356552124
                    ],
                    [
                        0.37269508838653564
                    ],
                    [
                        0.3717655837535858
                    ],
                    [
                        0.37082964181900024
                    ],
                    [
                        0.3698962330818176
                    ],
                    [
                        0.36896276473999023
                    ],
                    [
                        0.36802709102630615
                    ],
                    [
                        0.36709344387054443
                    ],
                    [
                        0.3661591112613678
                    ],
                    [
                        0.36521947383880615
                    ],
                    [
                        0.36428767442703247
                    ],
                    [
                        0.36335161328315735
                    ],
                    [
                        0.3624177873134613
                    ],
                    [
                        0.3614864647388458
                    ]
                ]
            ],
            "timesteps": [
                [
                    220,
                    221,
                    222,
                    223,
                    224,
                    225,
                    226,
                    227,
                    228,
                    229,
                    230,
                    231,
                    232,
                    233,
                    234,
                    235,
                    236,
                    237,
                    238,
                    239
                ]
            ],
            "labels": [
                [
                    2,
                    2,
                    2,
                    2,
                    2,
                    2,
                    2,
                    2,
                    2,
                    2,
                    2,
                    2,
                    2,
                    2,
                    2,
                    2,
                    2,
                    2,
                    2,
                    2
                ]
            ],
            "CPU Usage": 47.7,
            "RAM Usage": 57.6,
            "GPU Usage": 0.0,
            "VRAM Usage": 413.0,
            "Disk Read Speed (MB/s)": 190392.35546875,
            "Disk Write Speed (MB/s)": 266992.4853515625
        },
        {
            "step": 2,
            "train_loss": 0.04507569968700409,
            "actions_pred1": [
                [
                    [
                        -0.21420396864414215,
                        -0.10819927603006363,
                        0.563393235206604,
                        0.7366527915000916
                    ],
                    [
                        -0.23736891150474548,
                        -0.0501725897192955,
                        0.5796471834182739,
                        0.6662712097167969
                    ],
                    [
                        -0.314868688583374,
                        -0.011259205639362335,
                        0.6422504186630249,
                        0.5441114902496338
                    ],
                    [
                        -0.4185056686401367,
                        -0.0030747875571250916,
                        0.6121329665184021,
                        0.5690128803253174
                    ],
                    [
                        -0.45352473855018616,
                        0.1381562203168869,
                        0.5232998132705688,
                        0.5187830924987793
                    ],
                    [
                        -0.34585413336753845,
                        0.045614004135131836,
                        0.5974363088607788,
                        0.5648934841156006
                    ],
                    [
                        -0.23208710551261902,
                        0.07706356793642044,
                        0.5256761908531189,
                        0.6514685153961182
                    ],
                    [
                        -0.49239563941955566,
                        0.1596134901046753,
                        0.8039152026176453,
                        0.5455887913703918
                    ],
                    [
                        -0.5050843954086304,
                        0.23659516870975494,
                        0.8946105241775513,
                        0.553385853767395
                    ],
                    [
                        -0.6114144325256348,
                        0.18008574843406677,
                        0.9187957048416138,
                        0.5173044204711914
                    ],
                    [
                        -0.6454818844795227,
                        0.17123708128929138,
                        0.9758520722389221,
                        0.4348178505897522
                    ],
                    [
                        -0.45029741525650024,
                        0.050087034702301025,
                        0.8114938139915466,
                        0.5734706521034241
                    ],
                    [
                        -0.4531140923500061,
                        0.014475703239440918,
                        0.8597767353057861,
                        0.4960791766643524
                    ],
                    [
                        -0.5041714310646057,
                        -0.05081778019666672,
                        0.8774817585945129,
                        0.4939795434474945
                    ],
                    [
                        -0.4127143621444702,
                        -0.005292169749736786,
                        0.8277974128723145,
                        0.5583988428115845
                    ],
                    [
                        -0.3985670208930969,
                        -0.04837804287672043,
                        0.6365472078323364,
                        0.6728488206863403
                    ],
                    [
                        -0.34200161695480347,
                        0.02057194709777832,
                        0.6102195978164673,
                        0.6877878904342651
                    ],
                    [
                        -0.3187129497528076,
                        0.012137949466705322,
                        0.5972453355789185,
                        0.6415040493011475
                    ],
                    [
                        -0.18920359015464783,
                        0.007178835570812225,
                        0.6867389678955078,
                        0.5859463810920715
                    ],
                    [
                        -0.3503175973892212,
                        0.09150169789791107,
                        0.6702098846435547,
                        0.6351907253265381
                    ]
                ]
            ],
            "actions_pred": [
                [
                    [
                        -0.21420396864414215,
                        -0.23736891150474548,
                        -0.314868688583374,
                        -0.4185056686401367,
                        -0.45352473855018616,
                        -0.34585413336753845,
                        -0.23208710551261902,
