{
    "steps": [
        {
            "step": 0,
            "train_loss": 0.02946184203028679,
            "actions_pred1": [
                [
                    [
                        0.2530868649482727,
                        -0.20274664461612701,
                        0.5141791105270386,
                        0.3371274471282959
                    ],
                    [
                        -0.025163814425468445,
                        -0.11563324928283691,
                        0.4938519597053528,
                        0.46953797340393066
                    ],
                    [
                        -0.21239034831523895,
                        0.16977958381175995,
                        0.6214054822921753,
                        0.39357906579971313
                    ],
                    [
                        -0.22824671864509583,
                        0.07901453226804733,
                        0.6961272954940796,
                        0.45518380403518677
                    ],
                    [
                        -0.24468325078487396,
                        0.005645878612995148,
                        0.6279721856117249,
                        0.34296703338623047
                    ],
                    [
                        -0.1861618161201477,
                        0.03245469927787781,
                        0.6719804406166077,
                        0.25811120867729187
                    ],
                    [
                        -0.26332491636276245,
                        -0.03433890640735626,
                        0.7505180239677429,
                        0.2546793520450592
                    ],
                    [
                        -0.44216883182525635,
                        -0.15189090371131897,
                        0.7077442407608032,
                        0.16213847696781158
                    ],
                    [
                        -0.32912322878837585,
                        -0.2118752896785736,
                        0.6380675435066223,
                        0.1923941671848297
                    ],
                    [
                        -0.29255014657974243,
                        -0.006905108690261841,
                        0.8335219025611877,
                        0.19696146249771118
                    ],
                    [
                        -0.3183211386203766,
                        0.07516603916883469,
                        0.9800758361816406,
                        0.2634173631668091
                    ],
                    [
                        -0.14742924273014069,
                        0.10352446883916855,
                        0.7790371179580688,
                        0.1869644671678543
                    ],
                    [
                        -0.010237090289592743,
                        0.04073333740234375,
                        0.8756210803985596,
                        0.10060569643974304
                    ],
                    [
                        -0.12575851380825043,
                        -0.04522302746772766,
                        0.588364839553833,
                        0.07402729988098145
                    ],
                    [
                        -0.213332861661911,
                        0.007941421121358871,
                        0.7025783658027649,
                        0.1440773606300354
                    ],
                    [
                        -0.09297443926334381,
                        -0.1994100958108902,
                        0.6954507231712341,
                        0.18205626308918
                    ],
                    [
                        -0.10264627635478973,
                        -0.05420980602502823,
                        0.6677314043045044,
                        0.31615161895751953
                    ],
                    [
                        -0.12703366577625275,
                        0.12291152030229568,
                        0.7699567675590515,
                        0.40286317467689514
                    ],
                    [
                        -0.15445446968078613,
                        0.1906355768442154,
                        0.8012205362319946,
                        0.44552719593048096
                    ],
                    [
                        -0.17987149953842163,
                        0.16411572694778442,
                        0.7868301868438721,
                        0.3678239583969116
                    ]
                ]
            ],
            "actions_pred": [
                [
                    [
                        0.2530868649482727,
                        -0.025163814425468445,
                        -0.21239034831523895,
                        -0.22824671864509583,
                        -0.24468325078487396,
                        -0.1861618161201477,
                        -0.26332491636276245,
                        -0.44216883182525635,
                        -0.32912322878837585,
                        -0.29255014657974243,
                        -0.3183211386203766,
                        -0.14742924273014069,
                        -0.010237090289592743,
                        -0.12575851380825043,
                        -0.213332861661911,
                        -0.09297443926334381,
                        -0.10264627635478973,
                        -0.12703366577625275,
                        -0.15445446968078613,
                        -0.17987149953842163
                    ],
                    [
                        -0.20274664461612701,
                        -0.11563324928283691,
                        0.16977958381175995,
                        0.07901453226804733,
                        0.005645878612995148,
                        0.03245469927787781,
                        -0.03433890640735626,
                        -0.15189090371131897,
                        -0.2118752896785736,
                        -0.006905108690261841,
                        0.07516603916883469,
                        0.10352446883916855,
                        0.04073333740234375,
                        -0.04522302746772766,
                        0.007941421121358871,
                        -0.1994100958108902,
                        -0.05420980602502823,
                        0.12291152030229568,
                        0.1906355768442154,
                        0.16411572694778442
                    ],
                    [
                        0.5141791105270386,
                        0.4938519597053528,
                        0.6214054822921753,
                        0.6961272954940796,
                        0.6279721856117249,
                        0.6719804406166077,
                        0.7505180239677429,
                        0.7077442407608032,
                        0.6380675435066223,
                        0.8335219025611877,
                        0.9800758361816406,
                        0.7790371179580688,
                        0.8756210803985596,
                        0.588364839553833,
                        0.7025783658027649,
                        0.6954507231712341,
                        0.6677314043045044,
                        0.7699567675590515,
                        0.8012205362319946,
                        0.7868301868438721
                    ],
                    [
                        0.3371274471282959,
                        0.46953797340393066,
                        0.39357906579971313,
                        0.45518380403518677,
                        0.34296703338623047,
                        0.25811120867729187,
                        0.2546793520450592,
                        0.16213847696781158,
                        0.1923941671848297,
                        0.19696146249771118,
                        0.2634173631668091,
                        0.1869644671678543,
                        0.10060569643974304,
                        0.07402729988098145,
                        0.1440773606300354,
                        0.18205626308918,
                        0.31615161895751953,
                        0.40286317467689514,
                        0.44552719593048096,
                        0.3678239583969116
                    ]
                ]
            ],
            "states": [
                [
                    [
                        5305472.0,
                        8.719099241716322e-06,
                        0.00013201982073951513,
                        847637.0625
                    ],
                    [
                        5427104.0,
                        8.626127055322286e-06,
                        0.00013791865785606205,
                        798609.0
                    ],
                    [
                        5450272.0,
                        8.533900654583704e-06,
                        0.00014453318726737052,
                        879716.5
                    ],
                    [
                        5114336.0,
                        8.446181709587108e-06,
                        0.00014699026360176504,
                        849232.5625
                    ],
                    [
                        5466200.0,
                        8.360139872820582e-06,
                        0.00016071676509454846,
                        823946.3125
                    ],
                    [
                        5315608.0,
                        8.27424355520634e-06,
                        0.00016249381587840617,
                        854104.0625
                    ],
                    [
                        5602312.0,
                        8.189044820028357e-06,
                        0.0001488575799157843,
                        832423.8125
                    ],
                    [
                        5063656.0,
                        8.107467692752834e-06,
                        0.00016087492986116558,
                        837260.4375
                    ],
                    [
                        5243208.0,
                        8.030191565921996e-06,
                        0.00016716374375391752,
                        847603.1875
                    ],
                    [
                        5813720.0,
                        7.948916390887462e-06,
                        0.00019032474665436894,
                        855439.25
                    ],
                    [
                        5408280.0,
                        7.868069587857462e-06,
                        0.00018542619363870472,
                        819410.4375
                    ],
                    [
                        5082480.0,
                        7.7939621405676e-06,
                        0.000198170033399947,
                        886572.3125
                    ],
                    [
                        5553080.0,
                        7.720262146904133e-06,
                        0.0001916241308208555,
                        834980.5
                    ],
                    [
                        5222936.0,
                        7.646989615750499e-06,
                        0.0002063407882815227,
                        810099.0
                    ],
                    [
                        5267824.0,
                        7.57698762754444e-06,
                        0.00023895764024928212,
                        771615.4375
                    ],
                    [
                        5292440.0,
                        7.507794634875609e-06,
                        0.00025051896227523685,
                        873322.6875
                    ],
                    [
                        5603760.0,
                        7.437720341840759e-06,
                        0.0002676467993296683,
                        855312.0625
                    ],
                    [
                        5289312.0,
                        7.368956630671164e-06,
                        0.0002700872428249568,
                        823382.9375
                    ],
                    [
                        5275296.0,
                        7.303467100427952e-06,
                        0.0002660537720657885,
                        780031.4375
                    ],
                    [
                        5143296.0,
                        7.240012109832605e-06,
                        0.00026454709586687386,
                        808306.8125
                    ]
                ]
            ],
            "actions": [
                [
                    [
                        0.75
                    ],
                    [
                        0.75
                    ],
                    [
                        0.75
                    ],
                    [
                        0.75
                    ],
                    [
                        0.75
                    ],
                    [
                        0.75
                    ],
                    [
                        0.75
                    ],
                    [
                        0.75
                    ],
                    [
                        0.75
                    ],
                    [
                        0.75
                    ],
                    [
                        0.75
                    ],
                    [
                        0.75
                    ],
                    [
                        0.75
                    ],
                    [
                        0.75
                    ],
                    [
                        0.75
                    ],
                    [
                        0.75
                    ],
                    [
                        0.75
                    ],
                    [
                        0.75
                    ],
                    [
                        0.75
                    ],
                    [
                        0.75
                    ]
                ]
            ],
            "returns": [
                [
                    [
                        0.5055230259895325
                    ],
                    [
                        0.5045902132987976
                    ],
                    [
                        0.5036553740501404
                    ],
                    [
                        0.5027201771736145
                    ],
                    [
                        0.5017906427383423
                    ],
                    [
                        0.5008551478385925
                    ],
                    [
                        0.4999221861362457
                    ],
                    [
                        0.49898457527160645
                    ],
                    [
                        0.49805590510368347
                    ],
                    [
                        0.4971241354942322
                    ],
                    [
                        0.49618321657180786
                    ],
                    [
                        0.4952487051486969
                    ],
                    [
                        0.49431970715522766
                    ],
                    [
                        0.49338284134864807
                    ],
                    [
                        0.49245142936706543
                    ],
                    [
                        0.4915192425251007
                    ],
                    [
                        0.49058666825294495
                    ],
                    [
                        0.4896489977836609
                    ],
                    [
                        0.4887164533138275
                    ],
                    [
                        0.48778414726257324
                    ]
                ]
            ],
            "timesteps": [
                [
                    80,
                    81,
                    82,
                    83,
                    84,
                    85,
                    86,
                    87,
                    88,
                    89,
                    90,
                    91,
                    92,
                    93,
                    94,
                    95,
                    96,
                    97,
                    98,
                    99
                ]
            ],
            "labels": [
                [
                    2,
                    2,
                    2,
                    2,
                    2,
                    2,
                    2,
                    2,
                    2,
                    2,
                    2,
                    2,
                    2,
                    2,
                    2,
                    2,
                    2,
                    2,
                    2,
                    2
                ]
            ],
            "CPU Usage": 46.5,
            "RAM Usage": 58.4,
            "GPU Usage": 0.0,
            "VRAM Usage": 380.0,
            "Disk Read Speed (MB/s)": 190607.8271484375,
            "Disk Write Speed (MB/s)": 287802.6376953125
        },
        {
            "step": 1,
            "train_loss": 0.05562186986207962,
            "actions_pred1": [
                [
                    [
                        0.29538825154304504,
                        0.0740557610988617,
                        0.9109647870063782,
                        0.40714341402053833
                    ],
                    [
                        0.19529926776885986,
                        0.02278716117143631,
                        0.6547582745552063,
                        0.7180807590484619
                    ],
                    [
                        0.16088014841079712,
                        0.11165308952331543,
                        0.5280030369758606,
                        0.7091296911239624
                    ],
                    [
                        0.09059814363718033,
                        0.08835069835186005,
                        0.5665513277053833,
                        0.5829509496688843
                    ],
                    [
                        0.06350599974393845,
                        0.05625896155834198,
                        0.6108720898628235,
                        0.23259074985980988
                    ],
                    [
                        -0.023525312542915344,
                        0.05511660873889923,
                        0.6534847617149353,
                        0.29610323905944824
                    ],
                    [
                        -0.11019173264503479,
                        -0.014312922954559326,
                        0.6939742565155029,
                        0.25441163778305054
                    ],
                    [
                        -0.09014707803726196,
                        0.035954393446445465,
                        0.6264432072639465,
                        0.232572540640831
                    ],
                    [
                        -0.09019485116004944,
                        0.09119794517755508,
                        0.6703397631645203,
                        0.11464351415634155
                    ],
                    [
                        -0.11739033460617065,
                        0.23016677796840668,
                        0.6358282566070557,
                        0.26083773374557495
                    ],
                    [
                        -0.23011557757854462,
                        -0.010090403258800507,
                        0.6676890850067139,
                        0.27652838826179504
                    ],
                    [
                        -0.2217378318309784,
                        -0.06994019448757172,
                        0.6610854864120483,
                        0.17838244140148163
                    ],
                    [
                        -0.14301273226737976,
                        0.1078503355383873,
                        0.9259300827980042,
                        0.24879996478557587
                    ],
                    [
                        -0.14760220050811768,
                        0.06029289960861206,
                        0.8075911998748779,
                        0.3096234202384949
                    ],
                    [
                        -0.21515914797782898,
                        0.06440289318561554,
                        0.7843070030212402,
                        0.2402450293302536
                    ],
                    [
                        -0.2168685495853424,
                        -0.16658636927604675,
                        0.9851646423339844,
                        0.30166327953338623
                    ],
                    [
                        -0.27507683634757996,
                        -0.15270322561264038,
                        1.0478001832962036,
                        0.19175729155540466
                    ],
                    [
                        -0.22447744011878967,
                        0.007070265710353851,
                        0.8797194957733154,
                        0.2594985365867615
                    ],
                    [
                        -0.1614079773426056,
                        -0.01779501885175705,
                        0.8176421523094177,
                        0.20713071525096893
                    ],
                    [
                        -0.15157505869865417,
                        0.10278549045324326,
                        0.7130529880523682,
                        0.2628227472305298
                    ]
                ]
            ],
            "actions_pred": [
                [
                    [
                        0.29538825154304504,
                        0.19529926776885986,
                        0.16088014841079712,
                        0.09059814363718033,
                        0.06350599974393845,
                        -0.023525312542915344,
                        -0.11019173264503479,
                        -0.09014707803726196,
                        -0.09019485116004944,
                        -0.11739033460617065,
                        -0.23011557757854462,
                        -0.2217378318309784,
                        -0.14301273226737976,
                        -0.14760220050811768,
                        -0.21515914797782898,
                        -0.2168685495853424,
                        -0.27507683634757996,
                        -0.22447744011878967,
                        -0.1614079773426056,
                        -0.15157505869865417
                    ],
                    [
                        0.0740557610988617,
                        0.02278716117143631,
                        0.11165308952331543,
                        0.08835069835186005,
                        0.05625896155834198,
                        0.05511660873889923,
                        -0.014312922954559326,
                        0.035954393446445465,
                        0.09119794517755508,
                        0.23016677796840668,
                        -0.010090403258800507,
                        -0.06994019448757172,
                        0.1078503355383873,
                        0.06029289960861206,
                        0.06440289318561554,
                        -0.16658636927604675,
                        -0.15270322561264038,
                        0.007070265710353851,
                        -0.01779501885175705,
                        0.10278549045324326
                    ],
                    [
                        0.9109647870063782,
                        0.6547582745552063,
                        0.5280030369758606,
                        0.5665513277053833,
                        0.6108720898628235,
                        0.6534847617149353,
                        0.6939742565155029,
                        0.6264432072639465,
                        0.6703397631645203,
                        0.6358282566070557,
                        0.6676890850067139,
                        0.6610854864120483,
                        0.9259300827980042,
                        0.8075911998748779,
                        0.7843070030212402,
                        0.9851646423339844,
                        1.0478001832962036,
                        0.8797194957733154,
                        0.8176421523094177,
                        0.7130529880523682
                    ],
                    [
                        0.40714341402053833,
                        0.7180807590484619,
                        0.7091296911239624,
                        0.5829509496688843,
                        0.23259074985980988,
                        0.29610323905944824,
                        0.25441163778305054,
                        0.232572540640831,
                        0.11464351415634155,
                        0.26083773374557495,
                        0.27652838826179504,
                        0.17838244140148163,
                        0.24879996478557587,
                        0.3096234202384949,
                        0.2402450293302536,
                        0.30166327953338623,
                        0.19175729155540466,
                        0.2594985365867615,
                        0.20713071525096893,
                        0.2628227472305298
                    ]
                ]
            ],
            "states": [
                [
                    [
                        195480.0,
                        0.00017859364743344486,
                        0.0014523763675242662,
                        455306.15625
                    ],
                    [
                        224440.0,
                        0.00017706550715956837,
                        0.0012122188927605748,
                        199210.375
                    ],
                    [
                        260640.0,
                        0.00017533254867885262,
                        0.0010567386634647846,
                        291813.4375
                    ],
                    [
                        231680.0,
                        0.00017360733181703836,
                        0.0010331012308597565,
                        619352.5625
                    ],
                    [
                        201272.0,
                        0.00017211795784533024,
                        0.0008577806875109673,
                        757621.5
                    ],
                    [
                        233128.0,
                        0.0001706496550468728,
                        0.002856994280591607,
                        402371.75
                    ],
                    [
                        238920.0,
                        0.00016908197721932083,
                        0.005327177233994007,
                        418626.09375
                    ],
                    [
                        185344.0,
                        0.00016769685316830873,
                        0.006734849885106087,
                        490648.125
                    ],
                    [
                        205616.0,
                        0.000166440979228355,
                        0.008968048729002476,
                        304516.78125
                    ],
                    [
                        195480.0,
                        0.00016517171752639115,
                        0.00019177634385414422,
                        553446.625
                    ],
                    [
                        202720.0,
                        0.00016393074474763125,
                        0.0001491233124397695,
                        853423.1875
                    ],
                    [
                        209960.0,
                        0.00016266417514998466,
                        0.0002625611668918282,
                        298799.9375
                    ],
                    [
                        209960.0,
                        0.0001613952626939863,
                        0.0004885925445705652,
                        376011.875
                    ],
                    [
                        144800.0,
                        0.00016033815336413682,
                        0.0010367168579250574,
                        94745.609375
                    ],
                    [
                        246160.0,
                        0.00015919026918709278,
                        0.0028569940477609634,
                        223245.734375
                    ],
                    [
                        253400.0,
                        0.000157746413606219,
                        0.005327177233994007,
                        267948.78125
                    ],
                    [
                        296840.0,
                        0.00015618640463799238,
                        0.006734849885106087,
                        291045.46875
                    ],
                    [
                        340280.0,
                        0.0001544181868666783,
                        0.008968048729002476,
                        376205.125
                    ],
                    [
                        405440.0,
                        0.0001523990067653358,
                        0.010990988463163376,
                        467932.84375
                    ],
                    [
                        463360.0,
                        0.0001501120423199609,
                        0.011323424987494946,
                        301846.5
                    ]
                ]
            ],
            "actions": [
                [
                    [
                        0.25
                    ],
                    [
                        0.25
                    ],
                    [
                        0.25
                    ],
                    [
                        0.25
                    ],
                    [
                        0.25
                    ],
                    [
                        0.25
                    ],
                    [
                        0.25
                    ],
                    [
                        0.25
                    ],
                    [
                        0.25
                    ],
                    [
                        0.25
                    ],
                    [
                        0.25
                    ],
                    [
                        0.25
                    ],
                    [
                        0.25
                    ],
                    [
                        0.25
                    ],
                    [
                        0.25
                    ],
                    [
                        0.25
                    ],
                    [
                        0.25
                    ],
                    [
                        0.25
                    ],
                    [
                        0.25
                    ],
                    [
                        0.25
                    ]
                ]
            ],
            "returns": [
                [
                    [
                        0.0820998102426529
                    ],
                    [
                        0.0814596638083458
                    ],
                    [
                        0.08080726861953735
                    ],
                    [
                        0.08014161884784698
                    ],
                    [
                        0.0794864147901535
                    ],
                    [
                        0.07884368300437927
                    ],
                    [
                        0.07818792015314102
                    ],
                    [
                        0.07752998173236847
                    ],
                    [
                        0.07689455896615982
                    ],
                    [
                        0.07624993473291397
                    ],
                    [
                        0.07560978829860687
                    ],
                    [
                        0.0749664157629013
                    ],
                    [
                        0.07431993633508682
                    ],
                    [
                        0.07367345690727234
                    ],
                    [
                        0.07305991649627686
                    ],
                    [
                        0.0723993331193924
                    ],
                    [
                        0.07173618674278259
                    ],
                    [
                        0.07105900347232819
                    ],
                    [
                        0.07036971300840378
                    ],
                    [
                        0.06966488808393478
                    ]
                ]
            ],
            "timesteps": [
                [
                    540,
                    541,
                    542,
                    543,
                    544,
                    545,
                    546,
                    547,
                    548,
                    549,
                    550,
                    551,
                    552,
                    553,
                    554,
                    555,
                    556,
                    557,
                    558,
                    559
                ]
            ],
            "labels": [
                [
                    0,
                    0,
                    0,
                    0,
                    0,
                    0,
                    0,
                    0,
                    0,
                    0,
                    0,
                    0,
                    0,
                    0,
                    0,
                    0,
                    0,
                    0,
                    0,
                    0
                ]
            ],
            "CPU Usage": 50.3,
            "RAM Usage": 59.8,
            "GPU Usage": 0.0,
            "VRAM Usage": 380.0,
            "Disk Read Speed (MB/s)": 190607.8271484375,
            "Disk Write Speed (MB/s)": 287804.1650390625
        },
        {
            "step": 2,
            "train_loss": 0.05294372886419296,
            "actions_pred1": [
                [
                    [
                        0.009862005710601807,
                        -0.12107037007808685,
                        0.5954169631004333,
                        0.43462073802948
                    ],
                    [
                        -0.11552214622497559,
                        -0.28442320227622986,
                        0.4165741205215454,
                        0.4455024302005768
                    ],
                    [
                        -0.18762940168380737,
                        -0.23467545211315155,
                        0.5336901545524597,
                        0.37926220893859863
                    ],
                    [
                        -0.4037589132785797,
                        -0.17065635323524475,
                        0.48811137676239014,
                        0.3691983222961426
                    ],
                    [
                        -0.43913739919662476,
                        -0.10487037897109985,
                        0.5342749357223511,
                        0.2972296178340912
                    ],
                    [
                        -0.41066110134124756,
                        -0.06313479691743851,
                        0.5804802179336548,
                        0.38120216131210327
                    ],
                    [
                        -0.4612048864364624,
                        -0.03350556641817093,
                        0.48753517866134644,
                        0.42501962184906006
                    ],
                    [
                        -0.45689910650253296,
                        -0.1187443882226944,
                        0.5402176976203918,
                        0.34712424874305725
                    ],
                    [
                        -0.47660744190216064,
                        -0.12946432828903198,
                        0.5623867511749268,
                        0.3129345774650574
                    ],
                    [
                        -0.46288639307022095,
                        -0.11627016216516495,
                        0.7023289799690247,
                        0.3937678933143616
                    ],
                    [
                        -0.28920966386795044,
                        -0.11992679536342621,
                        0.6382318139076233,
                        0.2798295021057129
                    ],
                    [
                        -0.19103506207466125,
                        -0.17743819952011108,
                        0.6325531005859375,
                        0.23425832390785217
                    ],
                    [
                        -0.32269740104675293,
                        -0.07960239797830582,
                        0.7470475435256958,
                        0.22656062245368958
                    ],
                    [
                        -0.35961225628852844,
                        -0.09342323988676071,
                        0.7559558153152466,
                        0.3495999872684479
                    ],
                    [
                        -0.43062034249305725,
                        -0.027284786105155945,
                        0.7202630043029785,
                        0.3767356872558594
                    ],
                    [
                        -0.38323813676834106,
                        0.0376589372754097,
                        0.7410446405410767,
                        0.3913552761077881
                    ],
                    [
                        -0.3858969807624817,
                        -0.05667034536600113,
                        0.7733345627784729,
                        0.3357067108154297
                    ],
                    [
                        -0.4032479524612427,
                        -0.07596396654844284,
                        0.7121723890304565,
                        0.3810434639453888
                    ],
                    [
                        -0.312113881111145,
                        -0.04045947268605232,
                        0.6391506791114807,
                        0.4748239815235138
                    ],
                    [
                        -0.2536505162715912,
                        0.013082243502140045,
                        0.5521101951599121,
                        0.39674699306488037
                    ]
                ]
            ],
            "actions_pred": [
                [
                    [
                        0.009862005710601807,
                        -0.11552214622497559,
                        -0.18762940168380737,
                        -0.4037589132785797,
                        -0.43913739919662476,
                        -0.41066110134124756,
