{
    "steps": [
        {
            "step": 0,
            "train_loss": 0.037897706031799316,
            "actions_pred1": [
                [
                    [
                        0.0861620381474495,
                        -0.1852664351463318,
                        0.22624002397060394,
                        0.9053717851638794
                    ],
                    [
                        0.010255269706249237,
                        -0.00631636381149292,
                        0.28073152899742126,
                        0.9545435905456543
                    ],
                    [
                        0.04405397176742554,
                        0.06553055346012115,
                        0.2673952877521515,
                        0.7965535521507263
                    ],
                    [
                        0.007340259850025177,
                        0.006911143660545349,
                        0.16453462839126587,
                        0.7621692419052124
                    ],
                    [
                        -0.21948933601379395,
                        0.22651691734790802,
                        0.3746245503425598,
                        0.6279143691062927
                    ],
                    [
                        -0.339300274848938,
                        0.03346611559391022,
                        0.42016899585723877,
                        0.6437905430793762
                    ],
                    [
                        -0.2060188502073288,
                        0.07492479681968689,
                        0.45927268266677856,
                        0.7568054795265198
                    ],
                    [
                        -0.0263604074716568,
                        -0.23761126399040222,
                        0.5289989709854126,
                        0.6950504779815674
                    ],
                    [
                        -0.22734060883522034,
                        -0.11485008150339127,
                        0.6825062036514282,
                        0.677547037601471
                    ],
                    [
                        -0.2997763752937317,
                        -0.04383505880832672,
                        0.6240638494491577,
                        0.6952564716339111
                    ],
                    [
                        -0.18258854746818542,
                        -0.11909765005111694,
                        0.5228328108787537,
                        0.656607449054718
                    ],
                    [
                        -0.10333289951086044,
                        -0.03639339655637741,
                        0.5735923647880554,
                        0.728262722492218
                    ],
                    [
                        -0.16425934433937073,
                        -0.06335894763469696,
                        0.5539555549621582,
                        0.6650015711784363
                    ],
                    [
                        -0.25153806805610657,
                        -0.17782768607139587,
                        0.6211514472961426,
                        0.6161139011383057
                    ],
                    [
                        -0.3047974407672882,
                        -0.11764750629663467,
                        0.5831068754196167,
                        0.7048726081848145
                    ],
                    [
                        -0.3506154716014862,
                        -0.10249534994363785,
                        0.5161329507827759,
                        0.8406062126159668
                    ],
                    [
                        -0.2681017518043518,
                        -0.08934087306261063,
                        0.5956189632415771,
                        0.8651082515716553
                    ],
                    [
                        -0.22175344824790955,
                        -0.06807716190814972,
                        0.6624742746353149,
                        0.8873496055603027
                    ],
                    [
                        -0.16013574600219727,
                        -0.00400041788816452,
                        0.8679248690605164,
                        0.7469214200973511
                    ],
                    [
                        -0.1818443238735199,
                        -0.06374231725931168,
                        0.7351338267326355,
                        0.7098307609558105
                    ]
                ]
            ],
            "actions_pred": [
                [
                    [
                        0.0861620381474495,
                        0.010255269706249237,
                        0.04405397176742554,
                        0.007340259850025177,
                        -0.21948933601379395,
                        -0.339300274848938,
                        -0.2060188502073288,
                        -0.0263604074716568,
                        -0.22734060883522034,
                        -0.2997763752937317,
                        -0.18258854746818542,
                        -0.10333289951086044,
                        -0.16425934433937073,
                        -0.25153806805610657,
                        -0.3047974407672882,
                        -0.3506154716014862,
                        -0.2681017518043518,
                        -0.22175344824790955,
                        -0.16013574600219727,
                        -0.1818443238735199
                    ],
                    [
                        -0.1852664351463318,
                        -0.00631636381149292,
                        0.06553055346012115,
                        0.006911143660545349,
                        0.22651691734790802,
                        0.03346611559391022,
                        0.07492479681968689,
                        -0.23761126399040222,
                        -0.11485008150339127,
                        -0.04383505880832672,
                        -0.11909765005111694,
                        -0.03639339655637741,
                        -0.06335894763469696,
                        -0.17782768607139587,
                        -0.11764750629663467,
                        -0.10249534994363785,
                        -0.08934087306261063,
                        -0.06807716190814972,
                        -0.00400041788816452,
                        -0.06374231725931168
                    ],
                    [
                        0.22624002397060394,
                        0.28073152899742126,
                        0.2673952877521515,
                        0.16453462839126587,
                        0.3746245503425598,
                        0.42016899585723877,
                        0.45927268266677856,
                        0.5289989709854126,
                        0.6825062036514282,
                        0.6240638494491577,
                        0.5228328108787537,
                        0.5735923647880554,
                        0.5539555549621582,
                        0.6211514472961426,
                        0.5831068754196167,
                        0.5161329507827759,
                        0.5956189632415771,
                        0.6624742746353149,
                        0.8679248690605164,
                        0.7351338267326355
                    ],
                    [
                        0.9053717851638794,
                        0.9545435905456543,
                        0.7965535521507263,
                        0.7621692419052124,
                        0.6279143691062927,
                        0.6437905430793762,
                        0.7568054795265198,
                        0.6950504779815674,
                        0.677547037601471,
                        0.6952564716339111,
                        0.656607449054718,
                        0.728262722492218,
                        0.6650015711784363,
                        0.6161139011383057,
                        0.7048726081848145,
                        0.8406062126159668,
                        0.8651082515716553,
                        0.8873496055603027,
                        0.7469214200973511,
                        0.7098307609558105
                    ]
                ]
            ],
            "states": [
                [
                    [
                        5325744.0,
                        3.011092121596448e-05,
                        0.00027277067420072854,
                        851925.625
                    ],
                    [
                        5357600.0,
                        2.9456161428242922e-05,
                        0.00027305487310513854,
                        832487.0625
                    ],
                    [
                        5618240.0,
                        2.881258842535317e-05,
                        0.0002689558023121208,
                        866650.0
                    ],
                    [
                        5764488.0,
                        2.8174086764920503e-05,
                        0.0002797737834043801,
                        885137.0
                    ],
                    [
                        5370632.0,
                        2.7576063075684942e-05,
                        0.00025503398501314223,
                        827897.4375
                    ],
                    [
                        5432896.0,
                        2.7019848857889883e-05,
                        0.00027816780493594706,
                        880666.4375
                    ],
                    [
                        5364840.0,
                        2.6485795387998223e-05,
                        0.00026209698989987373,
                        834819.0
                    ],
                    [
                        5233072.0,
                        2.598174069134984e-05,
                        0.0002851165772881359,
                        880287.1875
                    ],
                    [
                        5114336.0,
                        2.5507837563054636e-05,
                        0.000267517170868814,
                        884475.5
                    ],
                    [
                        5458960.0,
                        2.504124859115109e-05,
                        0.00027258697082288563,
                        833080.1875
                    ],
                    [
                        5170808.0,
                        2.4588902306277305e-05,
                        0.00027191461413167417,
                        830618.8125
                    ],
                    [
                        5131712.0,
                        2.416586175968405e-05,
                        0.00027577357832342386,
                        795031.0
                    ],
                    [
                        5137504.0,
                        2.3758442694088444e-05,
                        0.00027702987426891923,
                        830415.5625
                    ],
                    [
                        5460408.0,
                        2.3352160496870056e-05,
                        0.0002779100905172527,
                        812805.0
                    ],
                    [
                        5332984.0,
                        2.2952330255066045e-05,
                        0.00026160795823670924,
                        784998.0
                    ],
                    [
                        5464752.0,
                        2.256591324112378e-05,
                        0.0002753763983491808,
                        843504.25
                    ],
                    [
                        5461856.0,
                        2.2187881768331863e-05,
                        0.0002731475979089737,
                        901654.0625
                    ],
                    [
                        5571904.0,
                        2.181875788664911e-05,
                        0.0002628508664201945,
                        880942.125
                    ],
                    [
                        5370632.0,
                        2.146460974472575e-05,
                        0.00026417680783197284,
                        856475.0625
                    ],
                    [
                        5508192.0,
                        2.1123838450876065e-05,
                        0.0002805523981805891,
                        865747.5
                    ]
                ]
            ],
            "actions": [
                [
                    [
                        0.75
                    ],
                    [
                        0.75
                    ],
                    [
                        0.75
                    ],
                    [
                        0.75
                    ],
                    [
                        0.75
                    ],
                    [
                        0.75
                    ],
                    [
                        0.75
                    ],
                    [
                        0.75
                    ],
                    [
                        0.75
                    ],
                    [
                        0.75
                    ],
                    [
                        0.75
                    ],
                    [
                        0.75
                    ],
                    [
                        0.75
                    ],
                    [
                        0.75
                    ],
                    [
                        0.75
                    ],
                    [
                        0.75
                    ],
                    [
                        0.75
                    ],
                    [
                        0.75
                    ],
                    [
                        0.75
                    ],
                    [
                        0.75
                    ]
                ]
            ],
            "returns": [
                [
                    [
                        0.34190085530281067
                    ],
                    [
                        0.34096771478652954
                    ],
                    [
                        0.34003403782844543
                    ],
                    [
                        0.3390961289405823
                    ],
                    [
                        0.33815598487854004
                    ],
                    [
                        0.33722206950187683
                    ],
                    [
                        0.33628717064857483
                    ],
                    [
                        0.33535337448120117
                    ],
                    [
                        0.3344217836856842
                    ],
                    [
                        0.3334922194480896
                    ],
                    [
                        0.33255690336227417
                    ],
                    [
                        0.33162635564804077
                    ],
                    [
                        0.3306964933872223
                    ],
                    [
                        0.32976654171943665
                    ],
                    [
                        0.32883119583129883
                    ],
                    [
                        0.32789793610572815
                    ],
                    [
                        0.32696250081062317
                    ],
                    [
                        0.3260270953178406
                    ],
                    [
                        0.3250899612903595
                    ],
                    [
                        0.3241560757160187
                    ]
                ]
            ],
            "timestamps": "1727846132.8534665",
            "timesteps": [
                [
                    260,
                    261,
                    262,
                    263,
                    264,
                    265,
                    266,
                    267,
                    268,
                    269,
                    270,
                    271,
                    272,
                    273,
                    274,
                    275,
                    276,
                    277,
                    278,
                    279
                ]
            ],
            "labels": [
                [
                    2,
                    2,
                    2,
                    2,
                    2,
                    2,
                    2,
                    2,
                    2,
                    2,
                    2,
                    2,
                    2,
                    2,
                    2,
                    2,
                    2,
                    2,
                    2,
                    2
                ]
            ],
            "CPU Usage": 39.6,
            "RAM Usage": 75.5,
            "GPU Usage": 0.0,
            "VRAM Usage": 575.0,
            "Disk Read Speed (MB/s)": 280702.0927734375,
            "Disk Write Speed (MB/s)": 527987.2666015625
        }
    ]
}