{
    "steps": [
        {
            "step": 0,
            "train_loss": 0.04332345351576805,
            "actions_pred1": [
                [
                    [
                        -0.5313171744346619,
                        -0.5157121419906616,
                        0.580654501914978,
                        0.509613037109375
                    ],
                    [
                        -0.46836593747138977,
                        -0.4465795159339905,
                        0.5427777767181396,
                        0.4317699074745178
                    ],
                    [
                        -0.4240577220916748,
                        -0.21242696046829224,
                        0.5606383681297302,
                        0.3916032910346985
                    ],
                    [
                        -0.40094849467277527,
                        -0.2220093011856079,
                        0.4920707046985626,
                        0.47699666023254395
                    ],
                    [
                        -0.5445106029510498,
                        -0.037249818444252014,
                        0.6224029660224915,
                        0.48750680685043335
                    ],
                    [
                        -0.6230604648590088,
                        -0.03908468782901764,
                        0.6157737970352173,
                        0.48271653056144714
                    ],
                    [
                        -0.43525946140289307,
                        -0.16560932993888855,
                        0.5179923176765442,
                        0.5952012538909912
                    ],
                    [
                        -0.3464587330818176,
                        -0.07833245396614075,
                        0.5586210489273071,
                        0.683387041091919
                    ],
                    [
                        -0.39507225155830383,
                        -0.10216851532459259,
                        0.5418358445167542,
                        0.633759081363678
                    ],
                    [
                        -0.4183361530303955,
                        -0.01770365983247757,
                        0.6181517839431763,
                        0.4395267963409424
                    ],
                    [
                        -0.399565726518631,
                        -0.011829137802124023,
                        0.611966073513031,
                        0.5957502126693726
                    ],
                    [
                        -0.41849255561828613,
                        -0.033983372151851654,
                        0.6064502000808716,
                        0.5297824740409851
                    ],
                    [
                        -0.2129538655281067,
                        -0.11157166957855225,
                        0.6456938982009888,
                        0.4830969572067261
                    ],
                    [
                        -0.21968865394592285,
                        -0.15280407667160034,
                        0.5474824905395508,
                        0.6178739666938782
                    ],
                    [
                        -0.11594966053962708,
                        -0.16117551922798157,
                        0.5178195238113403,
                        0.5965099334716797
                    ],
                    [
                        -0.23924657702445984,
                        -0.1808108538389206,
                        0.5131305456161499,
                        0.5447237491607666
                    ],
                    [
                        -0.4325816333293915,
                        -0.15451782941818237,
                        0.5202458500862122,
                        0.5233400464057922
                    ],
                    [
                        -0.4119083881378174,
                        -0.1158766895532608,
                        0.5951371788978577,
                        0.4148898124694824
                    ],
                    [
                        -0.38029611110687256,
                        -0.07368702441453934,
                        0.6693858504295349,
                        0.5081332325935364
                    ],
                    [
                        -0.3786962628364563,
                        -0.13831830024719238,
                        0.4747624397277832,
                        0.5228443741798401
                    ]
                ]
            ],
            "actions_pred": [
                [
                    [
                        -0.5313171744346619,
                        -0.46836593747138977,
                        -0.4240577220916748,
                        -0.40094849467277527,
                        -0.5445106029510498,
                        -0.6230604648590088,
                        -0.43525946140289307,
                        -0.3464587330818176,
                        -0.39507225155830383,
                        -0.4183361530303955,
                        -0.399565726518631,
                        -0.41849255561828613,
                        -0.2129538655281067,
                        -0.21968865394592285,
                        -0.11594966053962708,
                        -0.23924657702445984,
                        -0.4325816333293915,
                        -0.4119083881378174,
                        -0.38029611110687256,
                        -0.3786962628364563
                    ],
                    [
                        -0.5157121419906616,
                        -0.4465795159339905,
                        -0.21242696046829224,
                        -0.2220093011856079,
                        -0.037249818444252014,
                        -0.03908468782901764,
                        -0.16560932993888855,
                        -0.07833245396614075,
                        -0.10216851532459259,
                        -0.01770365983247757,
                        -0.011829137802124023,
                        -0.033983372151851654,
                        -0.11157166957855225,
                        -0.15280407667160034,
                        -0.16117551922798157,
                        -0.1808108538389206,
                        -0.15451782941818237,
                        -0.1158766895532608,
                        -0.07368702441453934,
                        -0.13831830024719238
                    ],
                    [
                        0.580654501914978,
                        0.5427777767181396,
                        0.5606383681297302,
                        0.4920707046985626,
                        0.6224029660224915,
                        0.6157737970352173,
                        0.5179923176765442,
                        0.5586210489273071,
                        0.5418358445167542,
                        0.6181517839431763,
                        0.611966073513031,
                        0.6064502000808716,
                        0.6456938982009888,
                        0.5474824905395508,
                        0.5178195238113403,
                        0.5131305456161499,
                        0.5202458500862122,
                        0.5951371788978577,
                        0.6693858504295349,
                        0.4747624397277832
                    ],
                    [
                        0.509613037109375,
                        0.4317699074745178,
                        0.3916032910346985,
                        0.47699666023254395,
                        0.48750680685043335,
                        0.48271653056144714,
                        0.5952012538909912,
                        0.683387041091919,
                        0.633759081363678,
                        0.4395267963409424,
                        0.5957502126693726,
                        0.5297824740409851,
                        0.4830969572067261,
                        0.6178739666938782,
                        0.5965099334716797,
                        0.5447237491607666,
                        0.5233400464057922,
                        0.4148898124694824,
                        0.5081332325935364,
                        0.5228443741798401
                    ]
                ]
            ],
            "states": [
                [
                    [
                        5527016.0,
                        1.5349276509368792e-05,
                        0.0002737951872404665,
                        805844.5
                    ],
                    [
                        5095512.0,
                        1.517824421171099e-05,
                        0.0002537628752179444,
                        822709.0625
                    ],
                    [
                        5057864.0,
                        1.501830956840422e-05,
                        0.0002845273702405393,
                        817377.8125
                    ],
                    [
                        5703672.0,
                        1.4852455933578312e-05,
                        0.00027429292094893754,
                        848477.75
                    ],
                    [
                        5414072.0,
                        1.4684866982861422e-05,
                        0.0002784566895570606,
                        829260.1875
                    ],
                    [
                        5337328.0,
                        1.452638753107749e-05,
                        0.00027366288122721016,
                        838067.9375
                    ],
                    [
                        5141848.0,
                        1.4375169484992512e-05,
                        0.0002617421268951148,
                        823064.0
                    ],
                    [
                        5211352.0,
                        1.422882269253023e-05,
                        0.000270931632257998,
                        844933.9375
                    ],
                    [
                        5386560.0,
                        1.4082077541388571e-05,
                        0.00027350522577762604,
                        861893.1875
                    ],
                    [
                        5118680.0,
                        1.3939571545051876e-05,
                        0.0002609447401482612,
                        831639.4375
                    ],
                    [
                        5401040.0,
                        1.3799754015053622e-05,
                        0.0002695223083719611,
                        814358.625
                    ],
                    [
                        5211352.0,
                        1.3661498996953014e-05,
                        0.00026009109569713473,
                        868776.75
                    ],
                    [
                        142.0,
                        0.21944443881511688,
                        0.00015429843915626407,
                        853.0870361328125
                    ],
                    [
                        4879797.0,
                        0.008871808648109436,
                        0.0001451207062928006,
                        568995.3125
                    ],
                    [
                        6620256.0,
                        0.0009351735934615135,
                        0.00015239168715197593,
                        450753.09375
                    ],
                    [
                        9419240.0,
                        0.00045934959780424833,
                        0.0001363051705993712,
                        480722.0
                    ],
                    [
                        9852192.0,
                        0.0002833923790603876,
                        0.0001300903531955555,
                        459858.53125
                    ],
                    [
                        9448200.0,
                        0.0002050806797342375,
                        0.026162419468164444,
                        444324.5625
                    ],
                    [
                        10519720.0,
                        0.00015983681078068912,
                        0.00028762174770236015,
                        442793.625
                    ],
                    [
                        11032312.0,
                        0.00012905527546536177,
                        0.00021737493807449937,
                        442420.15625
                    ]
                ]
            ],
            "actions": [
                [
                    [
                        0.75
                    ],
                    [
                        0.75
                    ],
                    [
                        0.75
                    ],
                    [
                        0.75
                    ],
                    [
                        0.75
                    ],
                    [
                        0.75
                    ],
                    [
                        0.75
                    ],
                    [
                        0.75
                    ],
                    [
                        0.75
                    ],
                    [
                        0.75
                    ],
                    [
                        0.75
                    ],
                    [
                        0.75
                    ],
                    [
                        0.25
                    ],
                    [
                        0.25
                    ],
                    [
                        0.25
                    ],
                    [
                        0.25
                    ],
                    [
                        0.25
                    ],
                    [
                        0.25
                    ],
                    [
                        0.25
                    ],
                    [
                        0.25
                    ]
                ]
            ],
            "returns": [
                [
                    [
                        0.30454936623573303
                    ],
                    [
                        0.30361291766166687
                    ],
                    [
                        0.3026837110519409
                    ],
                    [
                        0.3017551302909851
                    ],
                    [
                        0.3008159101009369
                    ],
                    [
                        0.29988130927085876
                    ],
                    [
                        0.2989479601383209
                    ],
                    [
                        0.2980179190635681
                    ],
                    [
                        0.2970867156982422
                    ],
                    [
                        0.2961525619029999
                    ],
                    [
                        0.2952229082584381
                    ],
                    [
                        0.2942885160446167
                    ],
                    [
                        0.29335731267929077
                    ],
                    [
                        0.29335731267929077
                    ],
                    [
                        0.29243192076683044
                    ],
                    [
                        0.2914794683456421
                    ],
                    [
                        0.29049578309059143
                    ],
                    [
                        0.2895081043243408
                    ],
                    [
                        0.2885241210460663
                    ],
                    [
                        0.2875306308269501
                    ]
                ]
            ],
            "timestamps": "1727846144.2978535",
            "timesteps": [
                [
                    300,
                    301,
                    302,
                    303,
                    304,
                    305,
                    306,
                    307,
                    308,
                    309,
                    310,
                    311,
                    312,
                    313,
                    314,
                    315,
                    316,
                    317,
                    318,
                    319
                ]
            ],
            "labels": [
                [
                    2,
                    2,
                    2,
                    2,
                    2,
                    2,
                    2,
                    2,
                    2,
                    2,
                    2,
                    2,
                    0,
                    0,
                    0,
                    0,
                    0,
                    0,
                    0,
                    0
                ]
            ],
            "CPU Usage": 50.1,
            "RAM Usage": 76.1,
            "GPU Usage": 0.0,
            "VRAM Usage": 567.0,
            "Disk Read Speed (MB/s)": 280718.46875,
            "Disk Write Speed (MB/s)": 528553.8095703125
        }
    ]
}