{
    "steps": [
        {
            "step": 0,
            "train_loss": 0.05452125146985054,
            "actions_pred1": [
                [
                    [
                        -0.09082342684268951,
                        -0.32456958293914795,
                        0.4750005006790161,
                        0.6530987024307251
                    ],
                    [
                        -0.20829513669013977,
                        -0.09153905510902405,
                        0.6517188549041748,
                        0.7287082672119141
                    ],
                    [
                        -0.32995492219924927,
                        0.011289969086647034,
                        0.6323034763336182,
                        0.6730000972747803
                    ],
                    [
                        -0.3433091640472412,
                        -0.021536633372306824,
                        0.6666209697723389,
                        0.677868664264679
                    ],
                    [
                        -0.29182368516921997,
                        0.03985738754272461,
                        0.6921677589416504,
                        0.6243151426315308
                    ],
                    [
                        -0.2508033215999603,
                        -0.022939234972000122,
                        0.5904489159584045,
                        0.591667115688324
                    ],
                    [
                        -0.17390549182891846,
                        0.018838584423065186,
                        0.6538658142089844,
                        0.5150123834609985
                    ],
                    [
                        -0.16744983196258545,
                        -0.020244799554347992,
                        0.6007891893386841,
                        0.5419113636016846
                    ],
                    [
                        -0.29339832067489624,
                        -0.08862368017435074,
                        0.692156970500946,
                        0.4743289649486542
                    ],
                    [
                        -0.29018688201904297,
                        0.002878159284591675,
                        0.7570355534553528,
                        0.4423319697380066
                    ],
                    [
                        -0.4132843017578125,
                        -0.1302136480808258,
                        0.8277915120124817,
                        0.29819244146347046
                    ],
                    [
                        -0.485676109790802,
                        -0.10680580884218216,
                        0.6837005615234375,
                        0.2569747269153595
                    ],
                    [
                        -0.4702138900756836,
                        -0.058675751090049744,
                        0.6640923023223877,
                        0.35815364122390747
                    ],
                    [
                        -0.4089789390563965,
                        -0.0035989731550216675,
                        0.7434906363487244,
                        0.4295533299446106
                    ],
                    [
                        -0.5622963905334473,
                        -0.28522709012031555,
                        0.7239899635314941,
                        0.3378753662109375
                    ],
                    [
                        -0.4389839768409729,
                        -0.29165223240852356,
                        0.6911284327507019,
                        0.3520319163799286
                    ],
                    [
                        -0.4593953490257263,
                        -0.1725405901670456,
                        0.7336883544921875,
                        0.3256066143512726
                    ],
                    [
                        -0.476942777633667,
                        -0.08829910308122635,
                        0.6482929587364197,
                        0.4307892322540283
                    ],
                    [
                        -0.4048425257205963,
                        -0.10483936220407486,
                        0.7437209486961365,
                        0.41008275747299194
                    ],
                    [
                        -0.398065447807312,
                        -0.09661515057086945,
                        0.6919152140617371,
                        0.41141948103904724
                    ]
                ]
            ],
            "actions_pred": [
                [
                    [
                        -0.09082342684268951,
                        -0.20829513669013977,
                        -0.32995492219924927,
                        -0.3433091640472412,
                        -0.29182368516921997,
                        -0.2508033215999603,
                        -0.17390549182891846,
                        -0.16744983196258545,
                        -0.29339832067489624,
                        -0.29018688201904297,
                        -0.4132843017578125,
                        -0.485676109790802,
                        -0.4702138900756836,
                        -0.4089789390563965,
                        -0.5622963905334473,
                        -0.4389839768409729,
                        -0.4593953490257263,
                        -0.476942777633667,
                        -0.4048425257205963,
                        -0.398065447807312
                    ],
                    [
                        -0.32456958293914795,
                        -0.09153905510902405,
                        0.011289969086647034,
                        -0.021536633372306824,
                        0.03985738754272461,
                        -0.022939234972000122,
                        0.018838584423065186,
                        -0.020244799554347992,
                        -0.08862368017435074,
                        0.002878159284591675,
                        -0.1302136480808258,
                        -0.10680580884218216,
                        -0.058675751090049744,
                        -0.0035989731550216675,
                        -0.28522709012031555,
                        -0.29165223240852356,
                        -0.1725405901670456,
                        -0.08829910308122635,
                        -0.10483936220407486,
                        -0.09661515057086945
                    ],
                    [
                        0.4750005006790161,
                        0.6517188549041748,
                        0.6323034763336182,
                        0.6666209697723389,
                        0.6921677589416504,
                        0.5904489159584045,
                        0.6538658142089844,
                        0.6007891893386841,
                        0.692156970500946,
                        0.7570355534553528,
                        0.8277915120124817,
                        0.6837005615234375,
                        0.6640923023223877,
                        0.7434906363487244,
                        0.7239899635314941,
                        0.6911284327507019,
                        0.7336883544921875,
                        0.6482929587364197,
                        0.7437209486961365,
                        0.6919152140617371
                    ],
                    [
                        0.6530987024307251,
                        0.7287082672119141,
                        0.6730000972747803,
                        0.677868664264679,
                        0.6243151426315308,
                        0.591667115688324,
                        0.5150123834609985,
                        0.5419113636016846,
                        0.4743289649486542,
                        0.4423319697380066,
                        0.29819244146347046,
                        0.2569747269153595,
                        0.35815364122390747,
                        0.4295533299446106,
                        0.3378753662109375,
                        0.3520319163799286,
                        0.3256066143512726,
                        0.4307892322540283,
                        0.41008275747299194,
                        0.41141948103904724
                    ]
                ]
            ],
            "states": [
                [
                    [
                        6436360.0,
                        3.756791920750402e-05,
                        0.00023788119142409414,
                        525420.0
                    ],
                    [
                        5822408.0,
                        3.5673747333930805e-05,
                        0.0002484873402863741,
                        540076.8125
                    ],
                    [
                        6120696.0,
                        3.400527930352837e-05,
                        0.00025739934062585235,
                        546681.375
                    ],
                    [
                        6143632.0,
                        3.2446547265863046e-05,
                        0.00019004895875696093,
                        549135.1875
                    ],
                    [
                        6290344.0,
                        3.100591857219115e-05,
                        0.00022606240236200392,
                        515628.96875
                    ],
                    [
                        7225288.0,
                        2.9579521651612595e-05,
                        0.0002532026555854827,
                        501138.75
                    ],
                    [
                        5695216.0,
                        2.8330134227871895e-05,
                        0.0002667571825440973,
                        501280.09375
                    ],
                    [
                        6048296.0,
                        2.72848174063256e-05,
                        0.00026687141507864,
                        520591.84375
                    ],
                    [
                        5956840.0,
                        2.6292696929886006e-05,
                        0.0002529114135541022,
                        510954.5
                    ],
                    [
                        5511320.0,
                        2.5409783120267093e-05,
                        0.0002583715249784291,
                        498321.25
                    ],
                    [
                        7421000.0,
                        2.448467603244353e-05,
                        0.001365873496979475,
                        470548.53125
                    ],
                    [
                        6653560.0,
                        2.3549235265818425e-05,
                        0.0008239395683631301,
                        489404.40625
                    ],
                    [
                        5919424.0,
                        2.2772055672248825e-05,
                        0.0005388445570133626,
                        494672.6875
                    ],
                    [
                        6049744.0,
                        2.2078909751144238e-05,
                        0.0005018769879825413,
                        522203.84375
                    ],
                    [
                        5699328.0,
                        2.1438178009702824e-05,
                        0.0005396626074798405,
                        525676.375
                    ],
                    [
                        5907840.0,
                        2.084095285681542e-05,
                        0.00039070475031621754,
                        484434.71875
                    ],
                    [
                        7654128.0,
                        2.0184714230708778e-05,
                        0.00037147922557778656,
                        485244.75
                    ],
                    [
                        6171376.0,
                        1.9555423932615668e-05,
                        0.00035373689024709165,
                        520211.9375
                    ],
                    [
                        5359048.0,
                        1.9060054910369217e-05,
                        0.0003472233365755528,
                        514446.75
                    ],
                    [
                        5344568.0,
                        1.8622442439664155e-05,
                        0.00021890846255701035,
                        526664.75
                    ]
                ]
            ],
            "actions": [
                [
                    [
                        0.5
                    ],
                    [
                        0.5
                    ],
                    [
                        0.5
                    ],
                    [
                        0.5
                    ],
                    [
                        0.5
                    ],
                    [
                        0.5
                    ],
                    [
                        0.5
                    ],
                    [
                        0.5
                    ],
                    [
                        0.5
                    ],
                    [
                        0.5
                    ],
                    [
                        0.5
                    ],
                    [
                        0.5
                    ],
                    [
                        0.5
                    ],
                    [
                        0.5
                    ],
                    [
                        0.5
                    ],
                    [
                        0.5
                    ],
                    [
                        0.5
                    ],
                    [
                        0.5
                    ],
                    [
                        0.5
                    ],
                    [
                        0.5
                    ]
                ]
            ],
            "returns": [
                [
                    [
                        0.17125853896141052
                    ],
                    [
                        0.17030860483646393
                    ],
                    [
                        0.16936755180358887
                    ],
                    [
                        0.16842207312583923
                    ],
                    [
                        0.16747625172138214
                    ],
                    [
                        0.1665283590555191
                    ],
                    [
                        0.16556815803050995
                    ],
                    [
                        0.16462907195091248
                    ],
                    [
                        0.1636846512556076
                    ],
                    [
                        0.16274157166481018
                    ],
                    [
                        0.1618053913116455
                    ],
                    [
                        0.16084282100200653
                    ],
                    [
                        0.15988995134830475
                    ],
                    [
                        0.1589474231004715
                    ],
                    [
                        0.15800298750400543
                    ],
                    [
                        0.157063826918602
                    ],
                    [
                        0.15612147748470306
                    ],
                    [
                        0.1551561802625656
                    ],
                    [
                        0.15420997142791748
                    ],
                    [
                        0.153276264667511
                    ]
                ]
            ],
            "timestamps": "1727846155.6031244",
            "timesteps": [
                [
                    440,
                    441,
                    442,
                    443,
                    444,
                    445,
                    446,
                    447,
                    448,
                    449,
                    450,
                    451,
                    452,
                    453,
                    454,
                    455,
                    456,
                    457,
                    458,
                    459
                ]
            ],
            "labels": [
                [
                    1,
                    1,
                    1,
                    1,
                    1,
                    1,
                    1,
                    1,
                    1,
                    1,
                    1,
                    1,
                    1,
                    1,
                    1,
                    1,
                    1,
                    1,
                    1,
                    1
                ]
            ],
            "CPU Usage": 64.4,
            "RAM Usage": 76.0,
            "GPU Usage": 0.0,
            "VRAM Usage": 565.0,
            "Disk Read Speed (MB/s)": 280726.193359375,
            "Disk Write Speed (MB/s)": 528836.4619140625
        }
    ]
}